# Menlo Systems GmbH ScanControl
# Program Version 1.3.3
# Start: -229.30000000 ps, Average over 300 waveforms. Timestamp: 2023-05-26T11:38:01
# Window type: Tukey, parameters: alpha = 0.1
# User time axis shift: 0 ps
# Time [ps]	THz Signal [a.u.]
-229.30000000	0.00000000
-229.26666667	-0.00000010
-229.23333333	-0.00000038
-229.20000000	-0.00000068
-229.16666667	-0.00000111
-229.13333333	-0.00000113
-229.10000000	-0.00000139
-229.06666667	-0.00000144
-229.03333333	0.00000046
-229.00000000	0.00000090
-228.96666666	0.00000098
-228.93333333	0.00000265
-228.90000000	0.00000295
-228.86666666	0.00000830
-228.83333333	0.00000786
-228.80000000	0.00001002
-228.76666666	0.00001132
-228.73333333	0.00001535
-228.70000000	0.00000817
-228.66666666	0.00002283
-228.63333333	0.00001500
-228.60000000	0.00002101
-228.56666666	0.00001522
-228.53333333	0.00001410
-228.50000000	0.00001421
-228.46666666	0.00000841
-228.43333333	0.00000988
-228.40000000	-0.00000683
-228.36666666	0.00000162
-228.33333333	-0.00001680
-228.30000000	-0.00001898
-228.26666666	-0.00004610
-228.23333333	-0.00006027
-228.19999999	-0.00007309
-228.16666666	-0.00008694
-228.13333333	-0.00009866
-228.09999999	-0.00011829
-228.06666666	-0.00014009
-228.03333333	-0.00016722
-227.99999999	-0.00018046
-227.96666666	-0.00019167
-227.93333333	-0.00021578
-227.89999999	-0.00024240
-227.86666666	-0.00026681
-227.83333333	-0.00028361
-227.79999999	-0.00031082
-227.76666666	-0.00034475
-227.73333333	-0.00033128
-227.69999999	-0.00039895
-227.66666666	-0.00044199
-227.63333333	-0.00046766
-227.59999999	-0.00045236
-227.56666666	-0.00051111
-227.53333333	-0.00052958
-227.49999999	-0.00056867
-227.46666666	-0.00057582
-227.43333333	-0.00063626
-227.39999999	-0.00065508
-227.36666666	-0.00068706
-227.33333332	-0.00079237
-227.29999999	-0.00081609
-227.26666666	-0.00083892
-227.23333332	-0.00087970
-227.19999999	-0.00087686
-227.16666666	-0.00092427
-227.13333332	-0.00094952
-227.09999999	-0.00096318
-227.06666666	-0.00106013
-227.03333332	-0.00109295
-226.99999999	-0.00107297
-226.96666666	-0.00115954
-226.93333332	-0.00116677
-226.89999999	-0.00123295
-226.86666666	-0.00120579
-226.83333332	-0.00126335
-226.79999999	-0.00132815
-226.76666666	-0.00133702
-226.73333332	-0.00141132
-226.69999999	-0.00143751
-226.66666666	-0.00142631
-226.63333332	-0.00141841
-226.59999999	-0.00140746
-226.56666666	-0.00145135
-226.53333332	-0.00152453
-226.49999999	-0.00143628
-226.46666665	-0.00153366
-226.43333332	-0.00153503
-226.39999999	-0.00157145
-226.36666665	-0.00150307
-226.33333332	-0.00150906
-226.29999999	-0.00148028
-226.26666665	-0.00154099
-226.23333332	-0.00155760
-226.19999999	-0.00144984
-226.16666665	-0.00138893
-226.13333332	-0.00142860
-226.09999999	-0.00151119
-226.06666665	-0.00145758
-226.03333332	-0.00151896
-225.99999999	-0.00135447
-225.96666665	-0.00134909
-225.93333332	-0.00141764
-225.89999999	-0.00126618
-225.86666665	-0.00131103
-225.83333332	-0.00120041
-225.79999999	-0.00108808
-225.76666665	-0.00101643
-225.73333332	-0.00103224
-225.69999999	-0.00084916
-225.66666665	-0.00091721
-225.63333332	-0.00083242
-225.59999998	-0.00077516
-225.56666665	-0.00063008
-225.53333332	-0.00061539
-225.49999998	-0.00043569
-225.46666665	-0.00028004
-225.43333332	-0.00033330
-225.39999998	-0.00002547
-225.36666665	0.00011749
-225.33333332	0.00011870
-225.29999998	0.00034857
-225.26666665	0.00040430
-225.23333332	0.00052630
-225.19999998	0.00061052
-225.16666665	0.00053792
-225.13333332	0.00065328
-225.09999998	0.00062911
-225.06666665	0.00065590
-225.03333332	0.00076930
-224.99999998	0.00084343
-224.96666665	0.00095033
-224.93333332	0.00083118
-224.89999998	0.00084587
-224.86666665	0.00091889
-224.83333332	0.00091075
-224.79999998	0.00071897
-224.76666665	0.00086137
-224.73333331	0.00071340
-224.69999998	0.00053205
-224.66666665	0.00051354
-224.63333331	0.00046237
-224.59999998	0.00038522
-224.56666665	0.00041285
-224.53333331	0.00027363
-224.49999998	0.00033479
-224.46666665	0.00018339
-224.43333331	0.00024877
-224.39999998	0.00002408
-224.36666665	0.00001358
-224.33333331	0.00018334
-224.29999998	0.00011355
-224.26666665	0.00026224
-224.23333331	0.00002263
-224.19999998	-0.00000115
-224.16666665	0.00011311
-224.13333331	0.00007607
-224.09999998	0.00009640
-224.06666665	0.00014600
-224.03333331	-0.00007422
-223.99999998	0.00005642
-223.96666665	0.00012018
-223.93333331	0.00024166
-223.89999998	0.00015382
-223.86666664	0.00023073
-223.83333331	0.00024935
-223.79999998	0.00014694
-223.76666664	0.00012624
-223.73333331	0.00045106
-223.69999998	0.00039452
-223.66666664	0.00053146
-223.63333331	0.00065204
-223.59999998	0.00059506
-223.56666664	0.00058066
-223.53333331	0.00060062
-223.49999998	0.00060631
-223.46666664	0.00054519
-223.43333331	0.00053568
-223.39999998	0.00068605
-223.36666664	0.00058872
-223.33333331	0.00060574
-223.29999998	0.00070860
-223.26666664	0.00065703
-223.23333331	0.00067340
-223.19999998	0.00079226
-223.16666664	0.00069736
-223.13333331	0.00088723
-223.09999997	0.00073894
-223.06666664	0.00082480
-223.03333331	0.00077878
-222.99999997	0.00074488
-222.96666664	0.00082072
-222.93333331	0.00049175
-222.89999997	0.00065496
-222.86666664	0.00060728
-222.83333331	0.00035472
-222.79999997	0.00042077
-222.76666664	0.00016665
-222.73333331	0.00012289
-222.69999997	-0.00012223
-222.66666664	-0.00010997
-222.63333331	-0.00021191
-222.59999997	-0.00032160
-222.56666664	-0.00031049
-222.53333331	-0.00065009
-222.49999997	-0.00076280
-222.46666664	-0.00085447
-222.43333331	-0.00074611
-222.39999997	-0.00101217
-222.36666664	-0.00114203
-222.33333331	-0.00138064
-222.29999997	-0.00153876
-222.26666664	-0.00163487
-222.23333330	-0.00199818
-222.19999997	-0.00215099
-222.16666664	-0.00235809
-222.13333330	-0.00225339
-222.09999997	-0.00243234
-222.06666664	-0.00264928
-222.03333330	-0.00279367
-221.99999997	-0.00301394
-221.96666664	-0.00309089
-221.93333330	-0.00320005
-221.89999997	-0.00333619
-221.86666664	-0.00346373
-221.83333330	-0.00365197
-221.79999997	-0.00374417
-221.76666664	-0.00381967
-221.73333330	-0.00401796
-221.69999997	-0.00408539
-221.66666664	-0.00426571
-221.63333330	-0.00452587
-221.59999997	-0.00457727
-221.56666664	-0.00475578
-221.53333330	-0.00476770
-221.49999997	-0.00490141
-221.46666664	-0.00501770
-221.43333330	-0.00516746
-221.39999997	-0.00540808
-221.36666663	-0.00530480
-221.33333330	-0.00551767
-221.29999997	-0.00569819
-221.26666663	-0.00590423
-221.23333330	-0.00603568
-221.19999997	-0.00607601
-221.16666663	-0.00605466
-221.13333330	-0.00616225
-221.09999997	-0.00615769
-221.06666663	-0.00605089
-221.03333330	-0.00603681
-220.99999997	-0.00650294
-220.96666663	-0.00624863
-220.93333330	-0.00619773
-220.89999997	-0.00618261
-220.86666663	-0.00619121
-220.83333330	-0.00627064
-220.79999997	-0.00616411
-220.76666663	-0.00603286
-220.73333330	-0.00601132
-220.69999997	-0.00582460
-220.66666663	-0.00590906
-220.63333330	-0.00559921
-220.59999997	-0.00557091
-220.56666663	-0.00555576
-220.53333330	-0.00536672
-220.49999996	-0.00520298
-220.46666663	-0.00498546
-220.43333330	-0.00486914
-220.39999996	-0.00468846
-220.36666663	-0.00454576
-220.33333330	-0.00442602
-220.29999996	-0.00423558
-220.26666663	-0.00409906
-220.23333330	-0.00385422
-220.19999996	-0.00361334
-220.16666663	-0.00351054
-220.13333330	-0.00329117
-220.09999996	-0.00311555
-220.06666663	-0.00276893
-220.03333330	-0.00261792
-219.99999996	-0.00236465
-219.96666663	-0.00232871
-219.93333330	-0.00208579
-219.89999996	-0.00196273
-219.86666663	-0.00158274
-219.83333330	-0.00142217
-219.79999996	-0.00124125
-219.76666663	-0.00127028
-219.73333330	-0.00097361
-219.69999996	-0.00085634
-219.66666663	-0.00051610
-219.63333329	-0.00041723
-219.59999996	-0.00020643
-219.56666663	-0.00008214
-219.53333329	-0.00004507
-219.49999996	0.00010533
-219.46666663	0.00026152
-219.43333329	0.00043289
-219.39999996	0.00069403
-219.36666663	0.00069512
-219.33333329	0.00095085
-219.29999996	0.00106509
-219.26666663	0.00122725
-219.23333329	0.00124266
-219.19999996	0.00145728
-219.16666663	0.00153094
-219.13333329	0.00174287
-219.09999996	0.00181028
-219.06666663	0.00201713
-219.03333329	0.00227922
-218.99999996	0.00228476
-218.96666663	0.00250338
-218.93333329	0.00249643
-218.89999996	0.00271582
-218.86666662	0.00275326
-218.83333329	0.00289986
-218.79999996	0.00302029
-218.76666662	0.00293420
-218.73333329	0.00320411
-218.69999996	0.00339776
-218.66666662	0.00336753
-218.63333329	0.00360349
-218.59999996	0.00354910
-218.56666662	0.00379897
-218.53333329	0.00374160
-218.49999996	0.00388555
-218.46666662	0.00396382
-218.43333329	0.00419076
-218.39999996	0.00425658
-218.36666662	0.00440162
-218.33333329	0.00478796
-218.29999996	0.00466042
-218.26666662	0.00478639
-218.23333329	0.00485633
-218.19999996	0.00511472
-218.16666662	0.00521396
-218.13333329	0.00515144
-218.09999996	0.00528031
-218.06666662	0.00535727
-218.03333329	0.00535360
-217.99999995	0.00510054
-217.96666662	0.00502428
-217.93333329	0.00471011
-217.89999995	0.00456210
-217.86666662	0.00397294
-217.83333329	0.00328012
-217.79999995	0.00253853
-217.76666662	0.00196278
-217.73333329	0.00108681
-217.69999995	0.00011218
-217.66666662	-0.00059036
-217.63333329	-0.00137331
-217.59999995	-0.00198187
-217.56666662	-0.00267664
-217.53333329	-0.00315805
-217.49999995	-0.00334020
-217.46666662	-0.00344740
-217.43333329	-0.00350767
-217.39999995	-0.00308979
-217.36666662	-0.00290036
-217.33333329	-0.00264180
-217.29999995	-0.00207308
-217.26666662	-0.00147085
-217.23333329	-0.00110140
-217.19999995	-0.00039610
-217.16666662	0.00022275
-217.13333328	0.00093600
-217.09999995	0.00147887
-217.06666662	0.00198638
-217.03333328	0.00267061
-216.99999995	0.00327093
-216.96666662	0.00375606
-216.93333328	0.00419182
-216.89999995	0.00478843
-216.86666662	0.00505803
-216.83333328	0.00551128
-216.79999995	0.00564439
-216.76666662	0.00602647
-216.73333328	0.00617705
-216.69999995	0.00622348
-216.66666662	0.00616302
-216.63333328	0.00599428
-216.59999995	0.00577242
-216.56666662	0.00554411
-216.53333328	0.00496211
-216.49999995	0.00416190
-216.46666662	0.00348025
-216.43333328	0.00262886
-216.39999995	0.00173961
-216.36666662	0.00065717
-216.33333328	-0.00052765
-216.29999995	-0.00162750
-216.26666661	-0.00283198
-216.23333328	-0.00383678
-216.19999995	-0.00487145
-216.16666661	-0.00590945
-216.13333328	-0.00654907
-216.09999995	-0.00690274
-216.06666661	-0.00725190
-216.03333328	-0.00717917
-215.99999995	-0.00673309
-215.96666661	-0.00603768
-215.93333328	-0.00509480
-215.89999995	-0.00394875
-215.86666661	-0.00289821
-215.83333328	-0.00137957
-215.79999995	0.00022415
-215.76666661	0.00148812
-215.73333328	0.00308552
-215.69999995	0.00436639
-215.66666661	0.00579233
-215.63333328	0.00683920
-215.59999995	0.00786787
-215.56666661	0.00869740
-215.53333328	0.00947717
-215.49999995	0.01001407
-215.46666661	0.01044696
-215.43333328	0.01074209
-215.39999994	0.01091567
-215.36666661	0.01103940
-215.33333328	0.01088983
-215.29999994	0.01073907
-215.26666661	0.01062283
-215.23333328	0.01020261
-215.19999994	0.01003135
-215.16666661	0.00982586
-215.13333328	0.00923592
-215.09999994	0.00909367
-215.06666661	0.00867795
-215.03333328	0.00840476
-214.99999994	0.00811209
-214.96666661	0.00741636
-214.93333328	0.00707224
-214.89999994	0.00679356
-214.86666661	0.00645619
-214.83333328	0.00619644
-214.79999994	0.00587626
-214.76666661	0.00573852
-214.73333328	0.00552488
-214.69999994	0.00535824
-214.66666661	0.00512813
-214.63333328	0.00492740
-214.59999994	0.00482299
-214.56666661	0.00495152
-214.53333327	0.00501364
-214.49999994	0.00505488
-214.46666661	0.00506297
-214.43333327	0.00522403
-214.39999994	0.00531963
-214.36666661	0.00528726
-214.33333327	0.00528202
-214.29999994	0.00565324
-214.26666661	0.00560332
-214.23333327	0.00559990
-214.19999994	0.00595600
-214.16666661	0.00560997
-214.13333327	0.00558306
-214.09999994	0.00569508
-214.06666661	0.00557540
-214.03333327	0.00558328
-213.99999994	0.00542106
-213.96666661	0.00523953
-213.93333327	0.00518625
-213.89999994	0.00493291
-213.86666661	0.00464350
-213.83333327	0.00447536
-213.79999994	0.00430372
-213.76666660	0.00414502
-213.73333327	0.00396259
-213.69999994	0.00411555
-213.66666660	0.00379791
-213.63333327	0.00385946
-213.59999994	0.00408737
-213.56666660	0.00441917
-213.53333327	0.00456867
-213.49999994	0.00486020
-213.46666660	0.00513798
-213.43333327	0.00563087
-213.39999994	0.00625109
-213.36666660	0.00671167
-213.33333327	0.00715217
-213.29999994	0.00761645
-213.26666660	0.00830171
-213.23333327	0.00887380
-213.19999994	0.00896271
-213.16666660	0.00956374
-213.13333327	0.01004274
-213.09999994	0.01047413
-213.06666660	0.01078366
-213.03333327	0.01133499
-212.99999994	0.01167926
-212.96666660	0.01222290
-212.93333327	0.01247747
-212.89999993	0.01310989
-212.86666660	0.01370248
-212.83333327	0.01417794
-212.79999993	0.01476794
-212.76666660	0.01529657
-212.73333327	0.01602685
-212.69999993	0.01667866
-212.66666660	0.01738046
-212.63333327	0.01839254
-212.59999993	0.01943000
-212.56666660	0.02019248
-212.53333327	0.02110872
-212.49999993	0.02198986
-212.46666660	0.02309878
-212.43333327	0.02428869
-212.39999993	0.02524286
-212.36666660	0.02661653
-212.33333327	0.02800385
-212.29999993	0.02930444
-212.26666660	0.03074353
-212.23333327	0.03229018
-212.19999993	0.03412041
-212.16666660	0.03570500
-212.13333327	0.03763540
-212.09999993	0.03973703
-212.06666660	0.04210612
-212.03333326	0.04427261
-211.99999993	0.04689281
-211.96666660	0.04957879
-211.93333326	0.05242725
-211.89999993	0.05534113
-211.86666660	0.05872418
-211.83333326	0.06208325
-211.79999993	0.06556241
-211.76666660	0.06950795
-211.73333326	0.07331042
-211.69999993	0.07740579
-211.66666660	0.08190643
-211.63333326	0.08667636
-211.59999993	0.09165417
-211.56666660	0.09684315
-211.53333326	0.10251942
-211.49999993	0.10846614
-211.46666660	0.11449426
-211.43333326	0.12105854
-211.39999993	0.12805983
-211.36666660	0.13529823
-211.33333326	0.14296385
-211.29999993	0.15096489
-211.26666660	0.15934501
-211.23333326	0.16800855
-211.19999993	0.17721640
-211.16666659	0.18675138
-211.13333326	0.19681412
-211.09999993	0.20709384
-211.06666659	0.21794215
-211.03333326	0.22933474
-210.99999993	0.24096333
-210.96666659	0.25317840
-210.93333326	0.26552431
-210.89999993	0.27877377
-210.86666659	0.29197727
-210.83333326	0.30544969
-210.79999993	0.31871763
-210.76666659	0.33214888
-210.73333326	0.34474729
-210.69999993	0.35674438
-210.66666659	0.36779014
-210.63333326	0.37739386
-210.59999993	0.38448741
-210.56666659	0.38906807
-210.53333326	0.39009577
-210.49999993	0.38676421
-210.46666659	0.37752660
-210.43333326	0.36103781
-210.39999993	0.33506689
-210.36666659	0.29673606
-210.33333326	0.24341619
-210.29999992	0.17068675
-210.26666659	0.07414540
-210.23333326	-0.05068332
-210.19999992	-0.20829957
-210.16666659	-0.40272116
-210.13333326	-0.63580672
-210.09999992	-0.90785402
-210.06666659	-1.21545379
-210.03333326	-1.55177227
-209.99999992	-1.90581815
-209.96666659	-2.26297514
-209.93333326	-2.60560519
-209.89999992	-2.91534241
-209.86666659	-3.17343451
-209.83333326	-3.36396362
-209.79999992	-3.47436874
-209.76666659	-3.49713352
-209.73333326	-3.42998892
-209.69999992	-3.27681964
-209.66666659	-3.04583370
-209.63333326	-2.74872093
-209.59999992	-2.40042513
-209.56666659	-2.01593119
-209.53333325	-1.61082762
-209.49999992	-1.19945663
-209.46666659	-0.79454520
-209.43333325	-0.40584397
-209.39999992	-0.04083724
-209.36666659	0.29515145
-209.33333325	0.59936342
-209.29999992	0.87014590
-209.26666659	1.10696009
-209.23333325	1.30933852
-209.19999992	1.47779843
-209.16666659	1.61330596
-209.13333325	1.71779052
-209.09999992	1.79419640
-209.06666659	1.84594297
-209.03333325	1.87608847
-208.99999992	1.88849609
-208.96666659	1.88501526
-208.93333325	1.86757567
-208.89999992	1.83776183
-208.86666659	1.79702863
-208.83333325	1.74630274
-208.79999992	1.68616549
-208.76666659	1.61737504
-208.73333325	1.53984873
-208.69999992	1.45418540
-208.66666658	1.36019787
-208.63333325	1.25955636
-208.59999992	1.15242320
-208.56666658	1.04108597
-208.53333325	0.92772267
-208.49999992	0.81541634
-208.46666658	0.70784281
-208.43333325	0.60795170
-208.39999992	0.51898666
-208.36666658	0.44313406
-208.33333325	0.38168859
-208.29999992	0.33529649
-208.26666658	0.30304394
-208.23333325	0.28329146
-208.19999992	0.27345080
-208.16666658	0.27058747
-208.13333325	0.27102219
-208.09999992	0.27111060
-208.06666658	0.26727441
-208.03333325	0.25649954
-207.99999992	0.23659159
-207.96666658	0.20680573
-207.93333325	0.16786139
-207.89999992	0.12155278
-207.86666658	0.07115900
-207.83333325	0.01970043
-207.79999991	-0.02939590
-207.76666658	-0.07286217
-207.73333325	-0.10908155
-207.69999991	-0.13654426
-207.66666658	-0.15450935
-207.63333325	-0.16392223
-207.59999991	-0.16539424
-207.56666658	-0.16025080
-207.53333325	-0.15042355
-207.49999991	-0.13714484
-207.46666658	-0.12209861
-207.43333325	-0.10679280
-207.39999991	-0.09203377
-207.36666658	-0.07874136
-207.33333325	-0.06694525
-207.29999991	-0.05708974
-207.26666658	-0.04880783
-207.23333325	-0.04216587
-207.19999991	-0.03723341
-207.16666658	-0.03414756
-207.13333325	-0.03274165
-207.09999991	-0.03346777
-207.06666658	-0.03556710
-207.03333325	-0.03892359
-206.99999991	-0.04322926
-206.96666658	-0.04838195
-206.93333324	-0.05439080
-206.89999991	-0.06183454
-206.86666658	-0.07122247
-206.83333324	-0.08261255
-206.79999991	-0.09529036
-206.76666658	-0.10870168
-206.73333324	-0.12195530
-206.69999991	-0.13329266
-206.66666658	-0.14160579
-206.63333324	-0.14543085
-206.59999991	-0.14406950
-206.56666658	-0.13673433
-206.53333324	-0.12329725
-206.49999991	-0.10380430
-206.46666658	-0.07900045
-206.43333324	-0.04965926
-206.39999991	-0.01768077
-206.36666658	0.01547252
-206.33333324	0.04755410
-206.29999991	0.07600027
-206.26666658	0.09865112
-206.23333324	0.11339756
-206.19999991	0.11873056
-206.16666658	0.11427439
-206.13333324	0.10036009
-206.09999991	0.07794097
-206.06666657	0.04914019
-206.03333324	0.01649832
-205.99999991	-0.01766934
-205.96666657	-0.04992335
-205.93333324	-0.07798387
-205.89999991	-0.09937829
-205.86666657	-0.11256885
-205.83333324	-0.11699754
-205.79999991	-0.11361625
-205.76666657	-0.10399581
-205.73333324	-0.09050307
-205.69999991	-0.07574293
-205.66666657	-0.06205400
-205.63333324	-0.05127616
-205.59999991	-0.04437983
-205.56666657	-0.04268661
-205.53333324	-0.04576371
-205.49999991	-0.05368143
-205.46666657	-0.06520891
-205.43333324	-0.07917180
-205.39999991	-0.09430102
-205.36666657	-0.10914012
-205.33333324	-0.12282193
-205.29999991	-0.13414171
-205.26666657	-0.14277192
-205.23333324	-0.14861835
-205.19999990	-0.15143404
-205.16666657	-0.15103311
-205.13333324	-0.14749692
-205.09999990	-0.14108365
-205.06666657	-0.13194238
-205.03333324	-0.12038489
-204.99999990	-0.10686040
-204.96666657	-0.09237373
-204.93333324	-0.07738002
-204.89999990	-0.06310900
-204.86666657	-0.04988615
-204.83333324	-0.03877242
-204.79999990	-0.02926740
-204.76666657	-0.02101256
-204.73333324	-0.01296930
-204.69999990	-0.00417434
-204.66666657	0.00578499
-204.63333324	0.01694711
-204.59999990	0.02873667
-204.56666657	0.04008925
-204.53333324	0.04999379
-204.49999990	0.05745782
-204.46666657	0.06161981
-204.43333323	0.06260719
-204.39999990	0.05990215
-204.36666657	0.05353178
-204.33333323	0.04419846
-204.29999990	0.03264612
-204.26666657	0.01955965
-204.23333323	0.00595586
-204.19999990	-0.00687880
-204.16666657	-0.01888543
-204.13333323	-0.02963601
-204.09999990	-0.03963133
-204.06666657	-0.04917101
-204.03333323	-0.05822400
-203.99999990	-0.06660425
-203.96666657	-0.07463584
-203.93333323	-0.08179639
-203.89999990	-0.08786672
-203.86666657	-0.09315610
-203.83333323	-0.09745558
-203.79999990	-0.10068133
-203.76666657	-0.10313251
-203.73333323	-0.10348429
-203.69999990	-0.10194824
-203.66666657	-0.09774849
-203.63333323	-0.09084941
-203.59999990	-0.08158273
-203.56666656	-0.07028198
-203.53333323	-0.05770711
-203.49999990	-0.04437858
-203.46666656	-0.03141066
-203.43333323	-0.01882698
-203.39999990	-0.00813542
-203.36666656	0.00015938
-203.33333323	0.00545096
-203.29999990	0.00768399
-203.26666656	0.00688947
-203.23333323	0.00445929
-203.19999990	0.00130955
-203.16666656	-0.00113627
-203.13333323	-0.00255621
-203.09999990	-0.00229286
-203.06666656	-0.00078684
-203.03333323	0.00154376
-202.99999990	0.00434304
-202.96666656	0.00715418
-202.93333323	0.01066392
-202.89999990	0.01456677
-202.86666656	0.01950601
-202.83333323	0.02530124
-202.79999990	0.03129495
-202.76666656	0.03715282
-202.73333323	0.04194827
-202.69999989	0.04506201
-202.66666656	0.04602424
-202.63333323	0.04395811
-202.59999989	0.03915350
-202.56666656	0.03079025
-202.53333323	0.01936982
-202.49999989	0.00444679
-202.46666656	-0.01230611
-202.43333323	-0.03033889
-202.39999989	-0.04814612
-202.36666656	-0.06450126
-202.33333323	-0.07897728
-202.29999989	-0.09059353
-202.26666656	-0.09933784
-202.23333323	-0.10499282
-202.19999989	-0.10746507
-202.16666656	-0.10675751
-202.13333323	-0.10309510
-202.09999989	-0.09644679
-202.06666656	-0.08784527
-202.03333323	-0.07750099
-201.99999989	-0.06646542
-201.96666656	-0.05554095
-201.93333323	-0.04541763
-201.89999989	-0.03701110
-201.86666656	-0.03037853
-201.83333322	-0.02534774
-201.79999989	-0.02129115
-201.76666656	-0.01792972
-201.73333322	-0.01461148
-201.69999989	-0.01083601
-201.66666656	-0.00588037
-201.63333322	0.00003315
-201.59999989	0.00714477
-201.56666656	0.01471361
-201.53333322	0.02209010
-201.49999989	0.02788312
-201.46666656	0.03186783
-201.43333322	0.03333477
-201.39999989	0.03204195
-201.36666656	0.02838413
-201.33333322	0.02280401
-201.29999989	0.01608121
-201.26666656	0.00843384
-201.23333322	0.00087896
-201.19999989	-0.00619315
-201.16666656	-0.01225486
-201.13333322	-0.01687475
-201.09999989	-0.01973966
-201.06666656	-0.02036035
-201.03333322	-0.01817535
-200.99999989	-0.01387647
-200.96666655	-0.00707913
-200.93333322	0.00150971
-200.89999989	0.01182508
-200.86666655	0.02353921
-200.83333322	0.03646518
-200.79999989	0.05009033
-200.76666655	0.06396694
-200.73333322	0.07716646
-200.69999989	0.08933091
-200.66666655	0.09884728
-200.63333322	0.10528346
-200.59999989	0.10782571
-200.56666655	0.10569126
-200.53333322	0.09911414
-200.49999989	0.08839268
-200.46666655	0.07408856
-200.43333322	0.05671138
-200.39999989	0.03740734
-200.36666655	0.01718486
-200.33333322	-0.00229473
-200.29999989	-0.02075605
-200.26666655	-0.03616158
-200.23333322	-0.04894791
-200.19999989	-0.05828468
-200.16666655	-0.06511571
-200.13333322	-0.06921758
-200.09999988	-0.07169860
-200.06666655	-0.07291311
-200.03333322	-0.07285883
-199.99999988	-0.07157552
-199.96666655	-0.06911727
-199.93333322	-0.06543643
-199.89999988	-0.05997959
-199.86666655	-0.05331724
-199.83333322	-0.04552712
-199.79999988	-0.03740655
-199.76666655	-0.02976929
-199.73333322	-0.02290666
-199.69999988	-0.01758571
-199.66666655	-0.01384333
-199.63333322	-0.01165726
-199.59999988	-0.01054413
-199.56666655	-0.01003713
-199.53333322	-0.00986625
-199.49999988	-0.00920380
-199.46666655	-0.00796730
-199.43333322	-0.00584721
-199.39999988	-0.00296691
-199.36666655	0.00081330
-199.33333321	0.00511708
-199.29999988	0.01022899
-199.26666655	0.01557766
-199.23333321	0.02102282
-199.19999988	0.02658914
-199.16666655	0.03180750
-199.13333321	0.03711193
-199.09999988	0.04199338
-199.06666655	0.04637131
-199.03333321	0.05037648
-198.99999988	0.05363050
-198.96666655	0.05587255
-198.93333321	0.05739081
-198.89999988	0.05785737
-198.86666655	0.05729511
-198.83333321	0.05560433
-198.79999988	0.05294380
-198.76666655	0.04869625
-198.73333321	0.04331477
-198.69999988	0.03668939
-198.66666655	0.02908658
-198.63333321	0.02094596
-198.59999988	0.01229244
-198.56666655	0.00350644
-198.53333321	-0.00588739
-198.49999988	-0.01538860
-198.46666654	-0.02556500
-198.43333321	-0.03601735
-198.39999988	-0.04696511
-198.36666654	-0.05780350
-198.33333321	-0.06822784
-198.29999988	-0.07785792
-198.26666654	-0.08622231
-198.23333321	-0.09272069
-198.19999988	-0.09642896
-198.16666654	-0.09710777
-198.13333321	-0.09437582
-198.09999988	-0.08789777
-198.06666654	-0.07765893
-198.03333321	-0.06420928
-197.99999988	-0.04806856
-197.96666654	-0.02999678
-197.93333321	-0.01092423
-197.89999988	0.00818523
-197.86666654	0.02652721
-197.83333321	0.04306256
-197.79999988	0.05687227
-197.76666654	0.06699391
-197.73333321	0.07251508
-197.69999988	0.07333784
-197.66666654	0.06911784
-197.63333321	0.05993852
-197.59999987	0.04627438
-197.56666654	0.02980929
-197.53333321	0.01154944
-197.49999987	-0.00617311
-197.46666654	-0.02241628
-197.43333321	-0.03526848
-197.39999987	-0.04396004
-197.36666654	-0.04794503
-197.33333321	-0.04688066
-197.29999987	-0.04123453
-197.26666654	-0.03168349
-197.23333321	-0.01900411
-197.19999987	-0.00399617
-197.16666654	0.01205899
-197.13333321	0.02807191
-197.09999987	0.04261524
-197.06666654	0.05466543
-197.03333321	0.06333213
-196.99999987	0.06771766
-196.96666654	0.06787244
-196.93333321	0.06364762
-196.89999987	0.05563207
-196.86666654	0.04449025
-196.83333321	0.03111219
-196.79999987	0.01674506
-196.76666654	0.00235950
-196.73333320	-0.01097905
-196.69999987	-0.02249487
-196.66666654	-0.03146544
-196.63333320	-0.03779836
-196.59999987	-0.04160570
-196.56666654	-0.04336555
-196.53333320	-0.04363933
-196.49999987	-0.04315610
-196.46666654	-0.04259575
-196.43333320	-0.04215884
-196.39999987	-0.04181582
-196.36666654	-0.04133524
-196.33333320	-0.04064951
-196.29999987	-0.03919203
-196.26666654	-0.03646195
-196.23333320	-0.03220151
-196.19999987	-0.02611807
-196.16666654	-0.01847161
-196.13333320	-0.00940847
-196.09999987	0.00032076
-196.06666654	0.00963633
-196.03333320	0.01748381
-195.99999987	0.02312588
-195.96666654	0.02598129
-195.93333320	0.02546025
-195.89999987	0.02168120
-195.86666653	0.01462578
-195.83333320	0.00524382
-195.79999987	-0.00615606
-195.76666653	-0.01809856
-195.73333320	-0.02942200
-195.69999987	-0.03886611
-195.66666653	-0.04536411
-195.63333320	-0.04811130
-195.59999987	-0.04634018
-195.56666653	-0.03956024
-195.53333320	-0.02838295
-195.49999987	-0.01321706
-195.46666653	0.00496946
-195.43333320	0.02433678
-195.39999987	0.04364747
-195.36666653	0.06109713
-195.33333320	0.07518706
-195.29999987	0.08479958
-195.26666653	0.08911130
-195.23333320	0.08817403
-195.19999987	0.08233819
-195.16666653	0.07240536
-195.13333320	0.05983637
-195.09999986	0.04559769
-195.06666653	0.03100353
-195.03333320	0.01727084
-194.99999986	0.00440334
-194.96666653	-0.00710191
-194.93333320	-0.01742524
-194.89999986	-0.02722168
-194.86666653	-0.03719667
-194.83333320	-0.04739658
-194.79999986	-0.05866421
-194.76666653	-0.07045171
-194.73333320	-0.08224426
-194.69999986	-0.09314909
-194.66666653	-0.10239679
-194.63333320	-0.10888538
-194.59999986	-0.11170836
-194.56666653	-0.11063553
-194.53333320	-0.10480014
-194.49999986	-0.09443759
-194.46666653	-0.07990026
-194.43333320	-0.06180954
-194.39999986	-0.04134447
-194.36666653	-0.02000529
-194.33333320	0.00063431
-194.29999986	0.01934863
-194.26666653	0.03460377
-194.23333319	0.04547136
-194.19999986	0.05096170
-194.16666653	0.05086196
-194.13333319	0.04538844
-194.09999986	0.03517099
-194.06666653	0.02128932
-194.03333319	0.00467441
-193.99999986	-0.01245944
-193.96666653	-0.02906070
-193.93333319	-0.04300662
-193.89999986	-0.05243604
-193.86666653	-0.05608771
-193.83333319	-0.05333617
-193.79999986	-0.04355632
-193.76666653	-0.02758537
-193.73333319	-0.00677863
-193.69999986	0.01708713
-193.66666653	0.04208335
-193.63333319	0.06596220
-193.59999986	0.08649059
-193.56666653	0.10170350
-193.53333319	0.11089461
-193.49999986	0.11324299
-193.46666653	0.10861444
-193.43333319	0.09783290
-193.39999986	0.08199728
-193.36666652	0.06272802
-193.33333319	0.04106729
-193.29999986	0.01863572
-193.26666652	-0.00343387
-193.23333319	-0.02432621
-193.19999986	-0.04379871
-193.16666652	-0.06121160
-193.13333319	-0.07660820
-193.09999986	-0.08951321
-193.06666652	-0.09972382
-193.03333319	-0.10662728
-192.99999986	-0.11045047
-192.96666652	-0.11029138
-192.93333319	-0.10653347
-192.89999986	-0.09946392
-192.86666652	-0.08929563
-192.83333319	-0.07664503
-192.79999986	-0.06205161
-192.76666652	-0.04653102
-192.73333319	-0.03104044
-192.69999986	-0.01628426
-192.66666652	-0.00309884
-192.63333319	0.00783725
-192.59999986	0.01625070
-192.56666652	0.02202919
-192.53333319	0.02541740
-192.49999985	0.02692895
-192.46666652	0.02681774
-192.43333319	0.02520580
-192.39999985	0.02271686
-192.36666652	0.01875221
-192.33333319	0.01358780
-192.29999985	0.00715694
-192.26666652	-0.00006349
-192.23333319	-0.00834399
-192.19999985	-0.01656141
-192.16666652	-0.02445730
-192.13333319	-0.03144351
-192.09999985	-0.03650217
-192.06666652	-0.03882421
-192.03333319	-0.03791615
-191.99999985	-0.03379496
-191.96666652	-0.02612098
-191.93333319	-0.01549750
-191.89999985	-0.00255114
-191.86666652	0.01199638
-191.83333319	0.02687087
-191.79999985	0.04093937
-191.76666652	0.05296741
-191.73333319	0.06218420
-191.69999985	0.06811065
-191.66666652	0.07035912
-191.63333318	0.06884339
-191.59999985	0.06403460
-191.56666652	0.05615403
-191.53333318	0.04612898
-191.49999985	0.03462359
-191.46666652	0.02271884
-191.43333318	0.01097053
-191.39999985	0.00016469
-191.36666652	-0.00915882
-191.33333318	-0.01693314
-191.29999985	-0.02310827
-191.26666652	-0.02769761
-191.23333318	-0.03107068
-191.19999985	-0.03343743
-191.16666652	-0.03488359
-191.13333318	-0.03566377
-191.09999985	-0.03597823
-191.06666652	-0.03574819
-191.03333318	-0.03520402
-190.99999985	-0.03373827
-190.96666652	-0.03119284
-190.93333318	-0.02779329
-190.89999985	-0.02332127
-190.86666652	-0.01776743
-190.83333318	-0.01167322
-190.79999985	-0.00540628
-190.76666651	0.00081833
-190.73333318	0.00627481
-190.69999985	0.01018659
-190.66666651	0.01236183
-190.63333318	0.01247029
-190.59999985	0.00999663
-190.56666651	0.00541187
-190.53333318	-0.00108491
-190.49999985	-0.00932559
-190.46666651	-0.01786421
-190.43333318	-0.02644537
-190.39999985	-0.03417130
-190.36666651	-0.04006667
-190.33333318	-0.04304920
-190.29999985	-0.04275991
-190.26666651	-0.03872980
-190.23333318	-0.03028309
-190.19999985	-0.01854437
-190.16666651	-0.00387920
-190.13333318	0.01251596
-190.09999985	0.02949533
-190.06666651	0.04525380
-190.03333318	0.05865742
-189.99999984	0.06852866
-189.96666651	0.07414949
-189.93333318	0.07526944
-189.89999984	0.07174154
-189.86666651	0.06438037
-189.83333318	0.05357548
-189.79999984	0.04040488
-189.76666651	0.02624888
-189.73333318	0.01213630
-189.69999984	-0.00059753
-189.66666651	-0.01150252
-189.63333318	-0.01991573
-189.59999984	-0.02582752
-189.56666651	-0.03003159
-189.53333318	-0.03274043
-189.49999984	-0.03468149
-189.46666651	-0.03638061
-189.43333318	-0.03775728
-189.39999984	-0.03885932
-189.36666651	-0.03977169
-189.33333318	-0.04045584
-189.29999984	-0.04059570
-189.26666651	-0.04060902
-189.23333318	-0.04022729
-189.19999984	-0.03951968
-189.16666651	-0.03848997
-189.13333317	-0.03721804
-189.09999984	-0.03549608
-189.06666651	-0.03407094
-189.03333317	-0.03272965
-188.99999984	-0.03120965
-188.96666651	-0.02991634
-188.93333317	-0.02887485
-188.89999984	-0.02754040
-188.86666651	-0.02558606
-188.83333317	-0.02296410
-188.79999984	-0.01944668
-188.76666651	-0.01514683
-188.73333317	-0.00995408
-188.69999984	-0.00391244
-188.66666651	0.00265451
-188.63333317	0.00955860
-188.59999984	0.01658858
-188.56666651	0.02357997
-188.53333317	0.03007427
-188.49999984	0.03589896
-188.46666651	0.04070748
-188.43333317	0.04417680
-188.39999984	0.04578074
-188.36666651	0.04595502
-188.33333317	0.04452957
-188.29999984	0.04146212
-188.26666650	0.03718422
-188.23333317	0.03189896
-188.19999984	0.02588694
-188.16666650	0.01930405
-188.13333317	0.01265805
-188.09999984	0.00606739
-188.06666650	0.00013619
-188.03333317	-0.00526666
-187.99999984	-0.00981610
-187.96666650	-0.01369970
-187.93333317	-0.01688722
-187.89999984	-0.01953474
-187.86666650	-0.02172737
-187.83333317	-0.02393106
-187.79999984	-0.02622876
-187.76666650	-0.02842612
-187.73333317	-0.03105560
-187.69999984	-0.03372250
-187.66666650	-0.03679244
-187.63333317	-0.03983565
-187.59999984	-0.04285068
-187.56666650	-0.04530751
-187.53333317	-0.04681088
-187.49999984	-0.04685705
-187.46666650	-0.04529118
-187.43333317	-0.04226290
-187.39999983	-0.03777344
-187.36666650	-0.03235804
-187.33333317	-0.02654371
-187.29999983	-0.02084089
-187.26666650	-0.01604832
-187.23333317	-0.01187836
-187.19999983	-0.00906575
-187.16666650	-0.00724529
-187.13333317	-0.00695396
-187.09999983	-0.00721734
-187.06666650	-0.00846936
-187.03333317	-0.01012061
-186.99999983	-0.01162536
-186.96666650	-0.01325193
-186.93333317	-0.01421284
-186.89999983	-0.01449882
-186.86666650	-0.01413102
-186.83333317	-0.01283998
-186.79999983	-0.01036609
-186.76666650	-0.00699211
-186.73333317	-0.00251246
-186.69999983	0.00287278
-186.66666650	0.00888034
-186.63333317	0.01522167
-186.59999983	0.02110188
-186.56666650	0.02647846
-186.53333316	0.03038088
-186.49999983	0.03287932
-186.46666650	0.03340708
-186.43333316	0.03234932
-186.39999983	0.02897437
-186.36666650	0.02436795
-186.33333316	0.01858865
-186.29999983	0.01239251
-186.26666650	0.00591129
-186.23333316	-0.00014056
-186.19999983	-0.00487044
-186.16666650	-0.00852514
-186.13333316	-0.01056482
-186.09999983	-0.01101174
-186.06666650	-0.00979685
-186.03333316	-0.00713091
-185.99999983	-0.00396758
-185.96666650	-0.00027323
-185.93333316	0.00334119
-185.89999983	0.00601264
-185.86666650	0.00776525
-185.83333316	0.00846627
-185.79999983	0.00764786
-185.76666650	0.00539867
-185.73333316	0.00209121
-185.69999983	-0.00223307
-185.66666649	-0.00707457
-185.63333316	-0.01224172
-185.59999983	-0.01751195
-185.56666649	-0.02234085
-185.53333316	-0.02686378
-185.49999983	-0.03073844
-185.46666649	-0.03342346
-185.43333316	-0.03549770
-185.39999983	-0.03618266
-185.36666649	-0.03615850
-185.33333316	-0.03531045
-185.29999983	-0.03387056
-185.26666649	-0.03158670
-185.23333316	-0.02870335
-185.19999983	-0.02535585
-185.16666649	-0.02117520
-185.13333316	-0.01613773
-185.09999983	-0.01040137
-185.06666649	-0.00349212
-185.03333316	0.00427307
-184.99999983	0.01284232
-184.96666649	0.02186309
-184.93333316	0.03089491
-184.89999982	0.03920089
-184.86666649	0.04615044
-184.83333316	0.05097855
-184.79999982	0.05295907
-184.76666649	0.05228680
-184.73333316	0.04871315
-184.69999982	0.04256403
-184.66666649	0.03511652
-184.63333316	0.02697978
-184.59999982	0.01949331
-184.56666649	0.01363494
-184.53333316	0.01006699
-184.49999982	0.00956440
-184.46666649	0.01151213
-184.43333316	0.01621581
-184.39999982	0.02252914
-184.36666649	0.02976624
-184.33333316	0.03644316
-184.29999982	0.04122445
-184.26666649	0.04319119
-184.23333316	0.04193277
-184.19999982	0.03720964
-184.16666649	0.02941356
-184.13333316	0.01886223
-184.09999982	0.00689239
-184.06666649	-0.00568554
-184.03333315	-0.01773006
-183.99999982	-0.02867387
-183.96666649	-0.03781512
-183.93333315	-0.04473761
-183.89999982	-0.04924953
-183.86666649	-0.05203552
-183.83333315	-0.05282439
-183.79999982	-0.05214950
-183.76666649	-0.05023667
-183.73333315	-0.04728690
-183.69999982	-0.04329602
-183.66666649	-0.03828597
-183.63333315	-0.03257221
-183.59999982	-0.02592278
-183.56666649	-0.01871579
-183.53333315	-0.01109345
-183.49999982	-0.00358030
-183.46666649	0.00364092
-183.43333315	0.01059453
-183.39999982	0.01700594
-183.36666649	0.02310689
-183.33333315	0.02911181
-183.29999982	0.03470041
-183.26666649	0.04035100
-183.23333315	0.04571498
-183.19999982	0.05060535
-183.16666648	0.05493812
-183.13333315	0.05821663
-183.09999982	0.06025533
-183.06666648	0.06088809
-183.03333315	0.05947257
-182.99999982	0.05603497
-182.96666648	0.05071043
-182.93333315	0.04379312
-182.89999982	0.03571390
-182.86666648	0.02708065
-182.83333315	0.01861491
-182.79999982	0.01122165
-182.76666648	0.00512865
-182.73333315	0.00096086
-182.69999982	-0.00107671
-182.66666648	-0.00139742
-182.63333315	0.00032975
-182.59999982	0.00341945
-182.56666648	0.00770580
-182.53333315	0.01253886
-182.49999982	0.01735767
-182.46666648	0.02138998
-182.43333315	0.02430383
-182.39999982	0.02562433
-182.36666648	0.02530699
-182.33333315	0.02313955
-182.29999981	0.01976386
-182.26666648	0.01504635
-182.23333315	0.00970024
-182.19999981	0.00421724
-182.16666648	-0.00152828
-182.13333315	-0.00725722
-182.09999981	-0.01293663
-182.06666648	-0.01844945
-182.03333315	-0.02353854
-181.99999981	-0.02841005
-181.96666648	-0.03243237
-181.93333315	-0.03571827
-181.89999981	-0.03799701
-181.86666648	-0.03883186
-181.83333315	-0.03802628
-181.79999981	-0.03491509
-181.76666648	-0.02947712
-181.73333315	-0.02187989
-181.69999981	-0.01225898
-181.66666648	-0.00146009
-181.63333315	0.01025114
-181.59999981	0.02169970
-181.56666648	0.03199526
-181.53333315	0.04060034
-181.49999981	0.04670176
-181.46666648	0.05014044
-181.43333314	0.05088782
-181.39999981	0.04903260
-181.36666648	0.04453879
-181.33333314	0.03841192
-181.29999981	0.03063451
-181.26666648	0.02242492
-181.23333314	0.01364586
-181.19999981	0.00517706
-181.16666648	-0.00243234
-181.13333314	-0.00865438
-181.09999981	-0.01360372
-181.06666648	-0.01668246
-181.03333314	-0.01799817
-180.99999981	-0.01728921
-180.96666648	-0.01464922
-180.93333314	-0.00996907
-180.89999981	-0.00399711
-180.86666648	0.00319227
-180.83333314	0.01090720
-180.79999981	0.01857794
-180.76666648	0.02579274
-180.73333314	0.03183008
-180.69999981	0.03603921
-180.66666647	0.03811794
-180.63333314	0.03805674
-180.59999981	0.03564572
-180.56666647	0.03114622
-180.53333314	0.02506190
-180.49999981	0.01755706
-180.46666647	0.00905062
-180.43333314	-0.00011317
-180.39999981	-0.00891847
-180.36666647	-0.01790714
-180.33333314	-0.02602619
-180.29999981	-0.03345238
-180.26666647	-0.04019953
-180.23333314	-0.04588739
-180.19999981	-0.05116469
-180.16666647	-0.05521273
-180.13333314	-0.05836231
-180.09999981	-0.05994945
-180.06666647	-0.06013363
-180.03333314	-0.05866390
-179.99999981	-0.05534663
-179.96666647	-0.05047129
-179.93333314	-0.04419073
-179.89999981	-0.03722450
-179.86666647	-0.02959611
-179.83333314	-0.02230283
-179.79999980	-0.01590235
-179.76666647	-0.01046011
-179.73333314	-0.00623910
-179.69999980	-0.00322397
-179.66666647	-0.00105780
-179.63333314	0.00028839
-179.59999980	0.00161889
-179.56666647	0.00301900
-179.53333314	0.00487557
-179.49999980	0.00713164
-179.46666647	0.00997556
-179.43333314	0.01265864
-179.39999980	0.01504836
-179.36666647	0.01665278
-179.33333314	0.01708086
-179.29999980	0.01661573
-179.26666647	0.01500850
-179.23333314	0.01272661
-179.19999980	0.01013559
-179.16666647	0.00767143
-179.13333314	0.00562751
-179.09999980	0.00389549
-179.06666647	0.00299490
-179.03333314	0.00245081
-178.99999980	0.00197329
-178.96666647	0.00171643
-178.93333313	0.00082992
-178.89999980	-0.00018477
-178.86666647	-0.00153829
-178.83333313	-0.00383168
-178.79999980	-0.00637496
-178.76666647	-0.00940154
-178.73333313	-0.01286779
-178.69999980	-0.01655687
-178.66666647	-0.02048785
-178.63333313	-0.02456142
-178.59999980	-0.02829146
-178.56666647	-0.03206269
-178.53333313	-0.03563623
-178.49999980	-0.03881209
-178.46666647	-0.04173364
-178.43333313	-0.04364478
-178.39999980	-0.04449719
-178.36666647	-0.04401784
-178.33333313	-0.04227089
-178.29999980	-0.03861806
-178.26666647	-0.03350019
-178.23333313	-0.02687260
-178.19999980	-0.01878156
-178.16666647	-0.00982890
-178.13333313	0.00011163
-178.09999980	0.01012550
-178.06666646	0.02005389
-178.03333313	0.02929397
-177.99999980	0.03764843
-177.96666646	0.04424132
-177.93333313	0.04916235
-177.89999980	0.05236897
-177.86666646	0.05390430
-177.83333313	0.05403226
-177.79999980	0.05294903
-177.76666646	0.05152741
-177.73333313	0.04948929
-177.69999980	0.04761310
-177.66666646	0.04544080
-177.63333313	0.04377563
-177.59999980	0.04233801
-177.56666646	0.04109310
-177.53333313	0.03994046
-177.49999980	0.03886124
-177.46666646	0.03779750
-177.43333313	0.03661173
-177.39999980	0.03561884
-177.36666646	0.03488180
-177.33333313	0.03417485
-177.29999980	0.03404587
-177.26666646	0.03369051
-177.23333313	0.03332732
-177.19999979	0.03251271
-177.16666646	0.03118856
-177.13333313	0.02875729
-177.09999979	0.02494143
-177.06666646	0.01996238
-177.03333313	0.01349610
-176.99999979	0.00622561
-176.96666646	-0.00169137
-176.93333313	-0.00942311
-176.89999979	-0.01681606
-176.86666646	-0.02306777
-176.83333313	-0.02747778
-176.79999979	-0.03004556
-176.76666646	-0.03014564
-176.73333313	-0.02818133
-176.69999979	-0.02459715
-176.66666646	-0.01999162
-176.63333313	-0.01505597
-176.59999979	-0.01063815
-176.56666646	-0.00728344
-176.53333313	-0.00532256
-176.49999979	-0.00529161
-176.46666646	-0.00707196
-176.43333313	-0.00993125
-176.39999979	-0.01355871
-176.36666646	-0.01746064
-176.33333312	-0.02074524
-176.29999979	-0.02288874
-176.26666646	-0.02367066
-176.23333312	-0.02284869
-176.19999979	-0.02064333
-176.16666646	-0.01727753
-176.13333312	-0.01317886
-176.09999979	-0.00885441
-176.06666646	-0.00466765
-176.03333312	-0.00127260
-175.99999979	0.00176950
-175.96666646	0.00395725
-175.93333312	0.00550593
-175.89999979	0.00621467
-175.86666646	0.00680857
-175.83333312	0.00699743
-175.79999979	0.00673504
-175.76666646	0.00676613
-175.73333312	0.00677307
-175.69999979	0.00679781
-175.66666646	0.00693741
-175.63333312	0.00705891
-175.59999979	0.00658995
-175.56666645	0.00577281
-175.53333312	0.00507278
-175.49999979	0.00411291
-175.46666645	0.00310637
-175.43333312	0.00228589
-175.39999979	0.00153178
-175.36666645	0.00106877
-175.33333312	0.00087480
-175.29999979	0.00028055
-175.26666645	-0.00041146
-175.23333312	-0.00159713
-175.19999979	-0.00330212
-175.16666645	-0.00596885
-175.13333312	-0.00920410
-175.09999979	-0.01328863
-175.06666645	-0.01818603
-175.03333312	-0.02354563
-174.99999979	-0.02923495
-174.96666645	-0.03487994
-174.93333312	-0.04056770
-174.89999979	-0.04579573
-174.86666645	-0.05079322
-174.83333312	-0.05547173
-174.79999979	-0.05962928
-174.76666645	-0.06320463
-174.73333312	-0.06611454
-174.69999978	-0.06828069
-174.66666645	-0.06964077
-174.63333312	-0.06936176
-174.59999978	-0.06774758
-174.56666645	-0.06485828
-174.53333312	-0.06034125
-174.49999978	-0.05439392
-174.46666645	-0.04714165
-174.43333312	-0.03894184
-174.39999978	-0.02995545
-174.36666645	-0.02091242
-174.33333312	-0.01201904
-174.29999978	-0.00368534
-174.26666645	0.00403917
-174.23333312	0.01051329
-174.19999978	0.01588349
-174.16666645	0.02008659
-174.13333312	0.02289096
-174.09999978	0.02466863
-174.06666645	0.02538761
-174.03333312	0.02557124
-173.99999978	0.02481698
-173.96666645	0.02410505
-173.93333312	0.02320115
-173.89999978	0.02237011
-173.86666645	0.02161893
-173.83333311	0.02135386
-173.79999978	0.02154820
-173.76666645	0.02213062
-173.73333311	0.02336546
-173.69999978	0.02466517
-173.66666645	0.02633892
-173.63333311	0.02773143
-173.59999978	0.02883453
-173.56666645	0.02909567
-173.53333311	0.02868067
-173.49999978	0.02727819
-173.46666645	0.02517303
-173.43333311	0.02219915
-173.39999978	0.01869684
-173.36666645	0.01489827
-173.33333311	0.01064911
-173.29999978	0.00686194
-173.26666645	0.00373922
-173.23333311	0.00141122
-173.19999978	0.00008051
-173.16666645	0.00007011
-173.13333311	0.00112818
-173.09999978	0.00277951
-173.06666645	0.00518959
-173.03333311	0.00785735
-172.99999978	0.01018554
-172.96666644	0.01260462
-172.93333311	0.01416036
-172.89999978	0.01544066
-172.86666644	0.01594130
-172.83333311	0.01598094
-172.79999978	0.01612431
-172.76666644	0.01666272
-172.73333311	0.01777113
-172.69999978	0.02001880
-172.66666644	0.02342580
-172.63333311	0.02824416
-172.59999978	0.03406214
-172.56666644	0.04055594
-172.53333311	0.04755553
-172.49999978	0.05441338
-172.46666644	0.06078282
-172.43333311	0.06614969
-172.39999978	0.07001355
-172.36666644	0.07221657
-172.33333311	0.07228463
-172.29999978	0.07046854
-172.26666644	0.06620496
-172.23333311	0.06007313
-172.19999978	0.05233074
-172.16666644	0.04343762
-172.13333311	0.03400715
-172.09999977	0.02443206
-172.06666644	0.01517346
-172.03333311	0.00660262
-171.99999977	-0.00122879
-171.96666644	-0.00803264
-171.93333311	-0.01380199
-171.89999977	-0.01869721
-171.86666644	-0.02270164
-171.83333311	-0.02630112
-171.79999977	-0.02942997
-171.76666644	-0.03206907
-171.73333311	-0.03515322
-171.69999977	-0.03821884
-171.66666644	-0.04159887
-171.63333311	-0.04537044
-171.59999977	-0.04966861
-171.56666644	-0.05427925
-171.53333311	-0.05915772
-171.49999977	-0.06433063
-171.46666644	-0.07000637
-171.43333311	-0.07573558
-171.39999977	-0.08140488
-171.36666644	-0.08712906
-171.33333310	-0.09266789
-171.29999977	-0.09777522
-171.26666644	-0.10251098
-171.23333310	-0.10703466
-171.19999977	-0.11105658
-171.16666644	-0.11472829
-171.13333310	-0.11786852
-171.09999977	-0.12052679
-171.06666644	-0.12297852
-171.03333310	-0.12471065
-170.99999977	-0.12621464
-170.96666644	-0.12711036
-170.93333310	-0.12745055
-170.89999977	-0.12725445
-170.86666644	-0.12638448
-170.83333310	-0.12483466
-170.79999977	-0.12265403
-170.76666644	-0.11990608
-170.73333310	-0.11673420
-170.69999977	-0.11323568
-170.66666644	-0.10935137
-170.63333310	-0.10524848
-170.59999977	-0.10080200
-170.56666644	-0.09590787
-170.53333310	-0.09086933
-170.49999977	-0.08560998
-170.46666643	-0.07990889
-170.43333310	-0.07362356
-170.39999977	-0.06721027
-170.36666643	-0.06045665
-170.33333310	-0.05383837
-170.29999977	-0.04752848
-170.26666643	-0.04202132
-170.23333310	-0.03742864
-170.19999977	-0.03407725
-170.16666643	-0.03157959
-170.13333310	-0.03055775
-170.09999977	-0.03012302
-170.06666643	-0.03093433
-170.03333310	-0.03169348
-169.99999977	-0.03248676
-169.96666643	-0.03272893
-169.93333310	-0.03246313
-169.89999977	-0.03127392
-169.86666643	-0.02908956
-169.83333310	-0.02658087
-169.79999977	-0.02366825
-169.76666643	-0.02075947
-169.73333310	-0.01788892
-169.69999977	-0.01550408
-169.66666643	-0.01327586
-169.63333310	-0.01064605
-169.59999976	-0.00781720
-169.56666643	-0.00443719
-169.53333310	-0.00017696
-169.49999976	0.00486355
-169.46666643	0.01073192
-169.43333310	0.01749173
-169.39999976	0.02439032
-169.36666643	0.03133480
-169.33333310	0.03743815
-169.29999976	0.04212177
-169.26666643	0.04596571
-169.23333310	0.04783739
-169.19999976	0.04832648
-169.16666643	0.04794589
-169.13333310	0.04696245
-169.09999976	0.04616679
-169.06666643	0.04622597
-169.03333310	0.04743427
-168.99999976	0.05046423
-168.96666643	0.05511084
-168.93333310	0.06169408
-168.89999976	0.06945790
-168.86666643	0.07837559
-168.83333310	0.08781946
-168.79999976	0.09741229
-168.76666643	0.10659643
-168.73333309	0.11462434
-168.69999976	0.12142714
-168.66666643	0.12636659
-168.63333309	0.12886799
-168.59999976	0.12929290
-168.56666643	0.12727184
-168.53333309	0.12306857
-168.49999976	0.11716387
-168.46666643	0.10989451
-168.43333309	0.10130513
-168.39999976	0.09231930
-168.36666643	0.08314985
-168.33333309	0.07400394
-168.29999976	0.06538407
-168.26666643	0.05746673
-168.23333309	0.05030059
-168.19999976	0.04406333
-168.16666643	0.03867233
-168.13333309	0.03375650
-168.09999976	0.02924032
-168.06666643	0.02483553
-168.03333309	0.02072881
-167.99999976	0.01663958
-167.96666643	0.01262373
-167.93333309	0.00903194
-167.89999976	0.00548401
-167.86666642	0.00247188
-167.83333309	0.00018015
-167.79999976	-0.00126946
-167.76666642	-0.00154407
-167.73333309	-0.00098148
-167.69999976	0.00014332
-167.66666642	0.00134969
-167.63333309	0.00295852
-167.59999976	0.00431287
-167.56666642	0.00494055
-167.53333309	0.00484505
-167.49999976	0.00368111
-167.46666642	0.00198406
-167.43333309	-0.00035149
-167.39999976	-0.00286718
-167.36666642	-0.00523716
-167.33333309	-0.00702535
-167.29999976	-0.00803142
-167.26666642	-0.00794295
-167.23333309	-0.00707593
-167.19999976	-0.00480603
-167.16666642	-0.00187644
-167.13333309	0.00176992
-167.09999976	0.00630672
-167.06666642	0.01115290
-167.03333309	0.01641427
-166.99999975	0.02166853
-166.96666642	0.02693578
-166.93333309	0.03152554
-166.89999975	0.03580554
-166.86666642	0.03917358
-166.83333309	0.04195760
-166.79999975	0.04345741
-166.76666642	0.04380874
-166.73333309	0.04289771
-166.69999975	0.04089394
-166.66666642	0.03752335
-166.63333309	0.03330775
-166.59999975	0.02846147
-166.56666642	0.02355450
-166.53333309	0.01849487
-166.49999975	0.01423125
-166.46666642	0.01059014
-166.43333309	0.00805233
-166.39999975	0.00671040
-166.36666642	0.00680261
-166.33333309	0.00836924
-166.29999975	0.01148019
-166.26666642	0.01569611
-166.23333308	0.02101509
-166.19999975	0.02723956
-166.16666642	0.03374130
-166.13333308	0.04059558
-166.09999975	0.04710975
-166.06666642	0.05293368
-166.03333308	0.05761314
-165.99999975	0.06094150
-165.96666642	0.06270765
-165.93333308	0.06277044
-165.89999975	0.06121937
-165.86666642	0.05821663
-165.83333308	0.05367807
-165.79999975	0.04830040
-165.76666642	0.04192116
-165.73333308	0.03503430
-165.69999975	0.02805305
-165.66666642	0.02163119
-165.63333308	0.01581102
-165.59999975	0.01133198
-165.56666642	0.00849075
-165.53333308	0.00727813
-165.49999975	0.00760964
-165.46666642	0.00986587
-165.43333308	0.01386178
-165.39999975	0.01944618
-165.36666641	0.02624788
-165.33333308	0.03400229
-165.29999975	0.04225930
-165.26666641	0.05064160
-165.23333308	0.05823322
-165.19999975	0.06491167
-165.16666641	0.07035924
-165.13333308	0.07460583
-165.09999975	0.07687460
-165.06666641	0.07745365
-165.03333308	0.07613705
-164.99999975	0.07311186
-164.96666641	0.06851573
-164.93333308	0.06310340
-164.89999975	0.05669516
-164.86666641	0.05026295
-164.83333308	0.04390985
-164.79999975	0.03788203
-164.76666641	0.03296687
-164.73333308	0.02908121
-164.69999975	0.02663564
-164.66666641	0.02566520
-164.63333308	0.02635219
-164.59999975	0.02815290
-164.56666641	0.03125809
-164.53333308	0.03526047
-164.49999974	0.03955333
-164.46666641	0.04383877
-164.43333308	0.04754143
-164.39999974	0.05088171
-164.36666641	0.05295759
-164.33333308	0.05340171
-164.29999974	0.05243071
-164.26666641	0.05043439
-164.23333308	0.04645589
-164.19999974	0.04130693
-164.16666641	0.03483541
-164.13333308	0.02783878
-164.09999974	0.02018611
-164.06666641	0.01239451
-164.03333308	0.00494511
-163.99999974	-0.00206736
-163.96666641	-0.00817641
-163.93333308	-0.01352117
-163.89999974	-0.01764236
-163.86666641	-0.02085468
-163.83333308	-0.02277516
-163.79999974	-0.02360132
-163.76666641	-0.02337546
-163.73333308	-0.02187888
-163.69999974	-0.01948133
-163.66666641	-0.01611251
-163.63333307	-0.01201977
-163.59999974	-0.00750533
-163.56666641	-0.00271794
-163.53333307	0.00207499
-163.49999974	0.00698702
-163.46666641	0.01112030
-163.43333307	0.01475487
-163.39999974	0.01753878
-163.36666641	0.01926236
-163.33333307	0.01984255
-163.29999974	0.01930643
-163.26666641	0.01790590
-163.23333307	0.01536304
-163.19999974	0.01208917
-163.16666641	0.00829082
-163.13333307	0.00368242
-163.09999974	-0.00103342
-163.06666641	-0.00584791
-163.03333307	-0.01069393
-162.99999974	-0.01560279
-162.96666641	-0.02016146
-162.93333307	-0.02412991
-162.89999974	-0.02778223
-162.86666641	-0.03079251
-162.83333307	-0.03285412
-162.79999974	-0.03421343
-162.76666640	-0.03434359
-162.73333307	-0.03391325
-162.69999974	-0.03269796
-162.66666640	-0.03077165
-162.63333307	-0.02833341
-162.59999974	-0.02569456
-162.56666640	-0.02299498
-162.53333307	-0.02059117
-162.49999974	-0.01807389
-162.46666640	-0.01603778
-162.43333307	-0.01409233
-162.39999974	-0.01260820
-162.36666640	-0.01131608
-162.33333307	-0.01035475
-162.29999974	-0.00984771
-162.26666640	-0.00974890
-162.23333307	-0.00980171
-162.19999974	-0.01006216
-162.16666640	-0.01061225
-162.13333307	-0.01122628
-162.09999974	-0.01191640
-162.06666640	-0.01233753
-162.03333307	-0.01242347
-161.99999974	-0.01217426
-161.96666640	-0.01130280
-161.93333307	-0.01006582
-161.89999973	-0.00798561
-161.86666640	-0.00557210
-161.83333307	-0.00266405
-161.79999973	0.00015200
-161.76666640	0.00307389
-161.73333307	0.00529502
-161.69999973	0.00683229
-161.66666640	0.00758611
-161.63333307	0.00711736
-161.59999973	0.00590029
-161.56666640	0.00395294
-161.53333307	0.00149075
-161.49999973	-0.00147157
-161.46666640	-0.00460853
-161.43333307	-0.00760335
-161.39999973	-0.01010567
-161.36666640	-0.01241764
-161.33333307	-0.01370443
-161.29999973	-0.01464079
-161.26666640	-0.01462399
-161.23333307	-0.01429444
-161.19999973	-0.01358034
-161.16666640	-0.01239458
-161.13333306	-0.01114784
-161.09999973	-0.00969241
-161.06666640	-0.00796831
-161.03333306	-0.00634191
-160.99999973	-0.00455876
-160.96666640	-0.00342383
-160.93333306	-0.00200863
-160.89999973	-0.00133001
-160.86666640	-0.00101921
-160.83333306	-0.00116367
-160.79999973	-0.00151098
-160.76666640	-0.00202159
-160.73333306	-0.00264727
-160.69999973	-0.00312859
-160.66666640	-0.00339158
-160.63333306	-0.00297962
-160.59999973	-0.00190838
-160.56666640	0.00002323
-160.53333306	0.00256361
-160.49999973	0.00580225
-160.46666640	0.00897854
-160.43333306	0.01195709
-160.39999973	0.01451918
-160.36666640	0.01609328
-160.33333306	0.01635336
-160.29999973	0.01539952
-160.26666639	0.01342877
-160.23333306	0.01022039
-160.19999973	0.00610485
-160.16666639	0.00117441
-160.13333306	-0.00402339
-160.09999973	-0.00966858
-160.06666639	-0.01535779
-160.03333306	-0.02089672
-159.99999973	-0.02617612
-159.96666639	-0.03116196
-159.93333306	-0.03582503
-159.89999973	-0.04021428
-159.86666639	-0.04390151
-159.83333306	-0.04707914
-159.79999973	-0.04964337
-159.76666639	-0.05149753
-159.73333306	-0.05262323
-159.69999973	-0.05289400
-159.66666639	-0.05192495
-159.63333306	-0.05051836
-159.59999973	-0.04792208
-159.56666639	-0.04514083
-159.53333306	-0.04162286
-159.49999973	-0.03774515
-159.46666639	-0.03365984
-159.43333306	-0.02965559
-159.39999972	-0.02567952
-159.36666639	-0.02201560
-159.33333306	-0.01864300
-159.29999972	-0.01548306
-159.26666639	-0.01297398
-159.23333306	-0.01042449
-159.19999972	-0.00838402
-159.16666639	-0.00670301
-159.13333306	-0.00499716
-159.09999972	-0.00339070
-159.06666639	-0.00173369
-159.03333306	0.00004257
-158.99999972	0.00193775
-158.96666639	0.00351670
-158.93333306	0.00515860
-158.89999972	0.00702878
-158.86666639	0.00822271
-158.83333306	0.00917928
-158.79999972	0.00976274
-158.76666639	0.00959052
-158.73333306	0.00866668
-158.69999972	0.00695292
-158.66666639	0.00453674
-158.63333306	0.00129540
-158.59999972	-0.00279788
-158.56666639	-0.00725358
-158.53333305	-0.01210737
-158.49999972	-0.01751432
-158.46666639	-0.02274264
-158.43333305	-0.02789539
-158.39999972	-0.03274341
-158.36666639	-0.03724227
-158.33333305	-0.04073441
-158.29999972	-0.04345695
-158.26666639	-0.04489415
-158.23333305	-0.04518109
-158.19999972	-0.04412974
-158.16666639	-0.04185484
-158.13333305	-0.03836784
-158.09999972	-0.03412110
-158.06666639	-0.02880875
-158.03333305	-0.02289553
-157.99999972	-0.01686551
-157.96666639	-0.01083069
-157.93333305	-0.00496799
-157.89999972	-0.00001608
-157.86666639	0.00405952
-157.83333305	0.00715154
-157.79999972	0.00945918
-157.76666639	0.01086775
-157.73333305	0.01142949
-157.69999972	0.01182969
-157.66666638	0.01173665
-157.63333305	0.01142838
-157.59999972	0.01150201
-157.56666638	0.01194620
-157.53333305	0.01245970
-157.49999972	0.01329530
-157.46666638	0.01440393
-157.43333305	0.01578708
-157.39999972	0.01730790
-157.36666638	0.01880534
-157.33333305	0.02016660
-157.29999972	0.02171216
-157.26666638	0.02297140
-157.23333305	0.02405896
-157.19999972	0.02502176
-157.16666638	0.02600806
-157.13333305	0.02652088
-157.09999972	0.02698610
-157.06666638	0.02692608
-157.03333305	0.02628410
-156.99999972	0.02502876
-156.96666638	0.02326667
-156.93333305	0.02055046
-156.89999971	0.01692043
-156.86666638	0.01221814
-156.83333305	0.00661022
-156.79999971	-0.00019314
-156.76666638	-0.00802953
-156.73333305	-0.01643912
-156.69999971	-0.02540586
-156.66666638	-0.03469076
-156.63333305	-0.04364575
-156.59999971	-0.05150296
-156.56666638	-0.05855347
-156.53333305	-0.06380120
-156.49999971	-0.06704975
-156.46666638	-0.06794055
-156.43333305	-0.06638225
-156.39999971	-0.06242097
-156.36666638	-0.05584660
-156.33333305	-0.04726428
-156.29999971	-0.03679524
-156.26666638	-0.02495224
-156.23333305	-0.01251523
-156.19999971	0.00040781
-156.16666638	0.01285665
-156.13333305	0.02411265
-156.09999971	0.03396113
-156.06666638	0.04179610
-156.03333304	0.04734203
-155.99999971	0.05032905
-155.96666638	0.05098722
-155.93333304	0.04903110
-155.89999971	0.04489089
-155.86666638	0.03896727
-155.83333304	0.03171844
-155.79999971	0.02372367
-155.76666638	0.01577957
-155.73333304	0.00810152
-155.69999971	0.00131150
-155.66666638	-0.00425641
-155.63333304	-0.00842255
-155.59999971	-0.01079657
-155.56666638	-0.01151405
-155.53333304	-0.01048466
-155.49999971	-0.00843231
-155.46666638	-0.00520355
-155.43333304	-0.00147160
-155.39999971	0.00226355
-155.36666638	0.00565036
-155.33333304	0.00860251
-155.29999971	0.01086516
-155.26666638	0.01233745
-155.23333304	0.01277370
-155.19999971	0.01232648
-155.16666637	0.01143459
-155.13333304	0.00975018
-155.09999971	0.00786808
-155.06666637	0.00619671
-155.03333304	0.00454217
-154.99999971	0.00325084
-154.96666637	0.00209074
-154.93333304	0.00092109
-154.89999971	0.00021229
-154.86666637	-0.00059717
-154.83333304	-0.00143641
-154.79999971	-0.00201803
-154.76666637	-0.00263236
-154.73333304	-0.00309563
-154.69999971	-0.00310103
-154.66666637	-0.00279831
-154.63333304	-0.00199852
-154.59999971	-0.00051339
-154.56666637	0.00132203
-154.53333304	0.00392778
-154.49999971	0.00693218
-154.46666637	0.01015501
-154.43333304	0.01360291
-154.39999971	0.01684000
-154.36666637	0.01951364
-154.33333304	0.02201192
-154.29999970	0.02353735
-154.26666637	0.02438302
-154.23333304	0.02433442
-154.19999970	0.02294252
-154.16666637	0.02061874
-154.13333304	0.01715440
-154.09999970	0.01308056
-154.06666637	0.00822271
-154.03333304	0.00317952
-153.99999970	-0.00212062
-153.96666637	-0.00687247
-153.93333304	-0.01100208
-153.89999970	-0.01441697
-153.86666637	-0.01686418
-153.83333304	-0.01783278
-153.79999970	-0.01755757
-153.76666637	-0.01615188
-153.73333304	-0.01391827
-153.69999970	-0.01076669
-153.66666637	-0.00708632
-153.63333304	-0.00314678
-153.59999970	0.00066133
-153.56666637	0.00428727
-153.53333304	0.00767468
-153.49999970	0.01038761
-153.46666637	0.01272317
-153.43333303	0.01411061
-153.39999970	0.01472720
-153.36666637	0.01444468
-153.33333303	0.01324571
-153.29999970	0.01140305
-153.26666637	0.00868747
-153.23333303	0.00534497
-153.19999970	0.00089257
-153.16666637	-0.00404200
-153.13333303	-0.00951246
-153.09999970	-0.01543544
-153.06666637	-0.02148217
-153.03333303	-0.02760772
-152.99999970	-0.03322841
-152.96666637	-0.03800525
-152.93333303	-0.04161395
-152.89999970	-0.04392610
-152.86666637	-0.04436569
-152.83333303	-0.04292738
-152.79999970	-0.03985937
-152.76666637	-0.03536787
-152.73333303	-0.02958619
-152.69999970	-0.02292371
-152.66666637	-0.01616979
-152.63333303	-0.00945524
-152.59999970	-0.00311538
-152.56666636	0.00183431
-152.53333303	0.00564563
-152.49999970	0.00805002
-152.46666636	0.00880230
-152.43333303	0.00834485
-152.39999970	0.00677896
-152.36666636	0.00423389
-152.33333303	0.00134473
-152.29999970	-0.00174293
-152.26666636	-0.00480941
-152.23333303	-0.00723653
-152.19999970	-0.00943291
-152.16666636	-0.01140582
-152.13333303	-0.01275516
-152.09999970	-0.01409692
-152.06666636	-0.01535304
-152.03333303	-0.01680517
-151.99999970	-0.01814643
-151.96666636	-0.01997974
-151.93333303	-0.02239321
-151.89999970	-0.02523697
-151.86666636	-0.02831554
-151.83333303	-0.03142514
-151.79999969	-0.03443202
-151.76666636	-0.03704005
-151.73333303	-0.03898738
-151.69999969	-0.03968791
-151.66666636	-0.03974929
-151.63333303	-0.03866979
-151.59999969	-0.03702345
-151.56666636	-0.03439731
-151.53333303	-0.03172716
-151.49999969	-0.02857392
-151.46666636	-0.02582781
-151.43333303	-0.02330504
-151.39999969	-0.02109780
-151.36666636	-0.01953837
-151.33333303	-0.01863077
-151.29999969	-0.01834037
-151.26666636	-0.01803406
-151.23333303	-0.01848526
-151.19999969	-0.01899972
-151.16666636	-0.01976105
-151.13333303	-0.02110733
-151.09999969	-0.02245382
-151.06666636	-0.02411368
-151.03333303	-0.02604531
-150.99999969	-0.02795965
-150.96666636	-0.02987196
-150.93333302	-0.03148276
-150.89999969	-0.03284780
-150.86666636	-0.03368401
-150.83333302	-0.03403730
-150.79999969	-0.03333813
-150.76666636	-0.03239207
-150.73333302	-0.03078187
-150.69999969	-0.02858605
-150.66666636	-0.02643097
-150.63333302	-0.02379597
-150.59999969	-0.02098260
-150.56666636	-0.01859153
-150.53333302	-0.01640264
-150.49999969	-0.01463331
-150.46666636	-0.01335637
-150.43333302	-0.01259848
-150.39999969	-0.01237940
-150.36666636	-0.01284215
-150.33333302	-0.01372937
-150.29999969	-0.01521660
-150.26666636	-0.01708455
-150.23333302	-0.01919805
-150.19999969	-0.02142834
-150.16666636	-0.02376277
-150.13333302	-0.02617623
-150.09999969	-0.02808923
-150.06666635	-0.02992985
-150.03333302	-0.03169518
-149.99999969	-0.03278064
-149.96666635	-0.03373700
-149.93333302	-0.03457168
-149.89999969	-0.03483248
-149.86666635	-0.03482698
-149.83333302	-0.03469493
-149.79999969	-0.03425835
-149.76666635	-0.03352902
-149.73333302	-0.03296336
-149.69999969	-0.03238612
-149.66666635	-0.03219234
-149.63333302	-0.03192233
-149.59999969	-0.03192623
-149.56666635	-0.03210478
-149.53333302	-0.03230135
-149.49999969	-0.03282653
-149.46666635	-0.03286763
-149.43333302	-0.03305631
-149.39999969	-0.03271055
-149.36666635	-0.03197856
-149.33333302	-0.03079462
-149.29999969	-0.02920605
-149.26666635	-0.02672229
-149.23333302	-0.02399370
-149.19999968	-0.02069631
-149.16666635	-0.01669809
-149.13333302	-0.01265745
-149.09999968	-0.00804223
-149.06666635	-0.00345761
-149.03333302	0.00157222
-148.99999968	0.00632331
-148.96666635	0.01127259
-148.93333302	0.01543746
-148.89999968	0.01905241
-148.86666635	0.02213597
-148.83333302	0.02421404
-148.79999968	0.02534972
-148.76666635	0.02559647
-148.73333302	0.02485046
-148.69999968	0.02288459
-148.66666635	0.01983124
-148.63333302	0.01593995
-148.59999968	0.01121929
-148.56666635	0.00600336
-148.53333302	0.00035160
-148.49999968	-0.00543117
-148.46666635	-0.01096172
-148.43333302	-0.01626059
-148.39999968	-0.02071601
-148.36666635	-0.02428790
-148.33333301	-0.02699787
-148.29999968	-0.02837768
-148.26666635	-0.02858851
-148.23333301	-0.02764480
-148.19999968	-0.02586378
-148.16666635	-0.02296479
-148.13333301	-0.01958041
-148.09999968	-0.01591241
-148.06666635	-0.01230181
-148.03333301	-0.00871681
-147.99999968	-0.00536973
-147.96666635	-0.00239368
-147.93333301	-0.00014348
-147.89999968	0.00145587
-147.86666635	0.00244518
-147.83333301	0.00320316
-147.79999968	0.00308388
-147.76666635	0.00268442
-147.73333301	0.00175085
-147.69999968	0.00094892
-147.66666635	0.00004802
-147.63333301	-0.00062319
-147.59999968	-0.00095826
-147.56666635	-0.00063454
-147.53333301	0.00038848
-147.49999968	0.00210837
-147.46666634	0.00433887
-147.43333301	0.00689172
-147.39999968	0.00984231
-147.36666634	0.01290318
-147.33333301	0.01587837
-147.29999968	0.01841975
-147.26666634	0.02067722
-147.23333301	0.02223016
-147.19999968	0.02305975
-147.16666634	0.02347303
-147.13333301	0.02323813
-147.09999968	0.02248240
-147.06666634	0.02135885
-147.03333301	0.01962922
-146.99999968	0.01787841
-146.96666634	0.01553744
-146.93333301	0.01315040
-146.89999968	0.01043194
-146.86666634	0.00761067
-146.83333301	0.00468504
-146.79999968	0.00157473
-146.76666634	-0.00130760
-146.73333301	-0.00430121
-146.69999967	-0.00705772
-146.66666634	-0.00962682
-146.63333301	-0.01184157
-146.59999967	-0.01361084
-146.56666634	-0.01507551
-146.53333301	-0.01593533
-146.49999967	-0.01626517
-146.46666634	-0.01577595
-146.43333301	-0.01472767
-146.39999967	-0.01327937
-146.36666634	-0.01136426
-146.33333301	-0.00926200
-146.29999967	-0.00718232
-146.26666634	-0.00526922
-146.23333301	-0.00350893
-146.19999967	-0.00254133
-146.16666634	-0.00235707
-146.13333301	-0.00272323
-146.09999967	-0.00378337
-146.06666634	-0.00568387
-146.03333301	-0.00806916
-145.99999967	-0.01093390
-145.96666634	-0.01384609
-145.93333301	-0.01702908
-145.89999967	-0.02001543
-145.86666634	-0.02275403
-145.83333300	-0.02505842
-145.79999967	-0.02677629
-145.76666634	-0.02779869
-145.73333300	-0.02824551
-145.69999967	-0.02784622
-145.66666634	-0.02680807
-145.63333300	-0.02517971
-145.59999967	-0.02309804
-145.56666634	-0.02051317
-145.53333300	-0.01763886
-145.49999967	-0.01490826
-145.46666634	-0.01170096
-145.43333300	-0.00856343
-145.39999967	-0.00577781
-145.36666634	-0.00342336
-145.33333300	-0.00124217
-145.29999967	0.00019219
-145.26666634	0.00112812
-145.23333300	0.00182097
-145.19999967	0.00147423
-145.16666634	0.00101589
-145.13333300	0.00021457
-145.09999967	-0.00107087
-145.06666634	-0.00240279
-145.03333300	-0.00348256
-144.99999967	-0.00456558
-144.96666633	-0.00540738
-144.93333300	-0.00612204
-144.89999967	-0.00638380
-144.86666633	-0.00638105
-144.83333300	-0.00636162
-144.79999967	-0.00602470
-144.76666633	-0.00589519
-144.73333300	-0.00616429
-144.69999967	-0.00619084
-144.66666633	-0.00669167
-144.63333300	-0.00704335
-144.59999967	-0.00770198
-144.56666633	-0.00813994
-144.53333300	-0.00820072
-144.49999967	-0.00833454
-144.46666633	-0.00823319
-144.43333300	-0.00777141
-144.39999967	-0.00722321
-144.36666633	-0.00669700
-144.33333300	-0.00625209
-144.29999967	-0.00591434
-144.26666633	-0.00591055
-144.23333300	-0.00569272
-144.19999967	-0.00567178
-144.16666633	-0.00568918
-144.13333300	-0.00561379
-144.09999966	-0.00509753
-144.06666633	-0.00441241
-144.03333300	-0.00317013
-143.99999966	-0.00177862
-143.96666633	0.00008360
-143.93333300	0.00219767
-143.89999966	0.00473489
-143.86666633	0.00736554
-143.83333300	0.01022965
-143.79999966	0.01270595
-143.76666633	0.01521930
-143.73333300	0.01722688
-143.69999966	0.01879149
-143.66666633	0.02028730
-143.63333300	0.02087664
-143.59999966	0.02125812
-143.56666633	0.02126047
-143.53333300	0.02098379
-143.49999966	0.02064498
-143.46666633	0.01997456
-143.43333300	0.01948289
-143.39999966	0.01912714
-143.36666633	0.01874338
-143.33333300	0.01863007
-143.29999966	0.01854446
-143.26666633	0.01864995
-143.23333299	0.01840588
-143.19999966	0.01811029
-143.16666633	0.01772295
-143.13333299	0.01686067
-143.09999966	0.01556954
-143.06666633	0.01403728
-143.03333299	0.01206318
-142.99999966	0.00998078
-142.96666633	0.00750219
-142.93333299	0.00493628
-142.89999966	0.00206443
-142.86666633	-0.00072125
-142.83333299	-0.00323665
-142.79999966	-0.00560069
-142.76666633	-0.00798144
-142.73333299	-0.00982450
-142.69999966	-0.01094832
-142.66666633	-0.01158130
-142.63333299	-0.01159141
-142.59999966	-0.01125262
-142.56666633	-0.01020265
-142.53333299	-0.00892078
-142.49999966	-0.00726210
-142.46666632	-0.00542067
-142.43333299	-0.00339003
-142.39999966	-0.00124951
-142.36666632	0.00074727
-142.33333299	0.00274409
-142.29999966	0.00475566
-142.26666632	0.00683268
-142.23333299	0.00872527
-142.19999966	0.01081852
-142.16666632	0.01272842
-142.13333299	0.01454406
-142.09999966	0.01602388
-142.06666632	0.01730838
-142.03333299	0.01828261
-141.99999966	0.01884785
-141.96666632	0.01899221
-141.93333299	0.01873347
-141.89999966	0.01809861
-141.86666632	0.01721313
-141.83333299	0.01591908
-141.79999966	0.01410545
-141.76666632	0.01267437
-141.73333299	0.01047894
-141.69999966	0.00865189
-141.66666632	0.00670990
-141.63333299	0.00489970
-141.59999965	0.00338888
-141.56666632	0.00227096
-141.53333299	0.00113164
-141.49999965	0.00044554
-141.46666632	0.00036340
-141.43333299	0.00015151
-141.39999965	0.00028770
-141.36666632	0.00071378
-141.33333299	0.00089797
-141.29999965	0.00146761
-141.26666632	0.00196384
-141.23333299	0.00245150
-141.19999965	0.00308599
-141.16666632	0.00346247
-141.13333299	0.00391712
-141.09999965	0.00438174
-141.06666632	0.00475895
-141.03333299	0.00522457
-140.99999965	0.00558372
-140.96666632	0.00577035
-140.93333299	0.00599706
-140.89999965	0.00627168
-140.86666632	0.00651662
-140.83333299	0.00648068
-140.79999965	0.00668626
-140.76666632	0.00703712
-140.73333298	0.00728989
-140.69999965	0.00762010
-140.66666632	0.00822904
-140.63333298	0.00880607
-140.59999965	0.00973450
-140.56666632	0.01068494
-140.53333298	0.01210097
-140.49999965	0.01384303
-140.46666632	0.01547484
-140.43333298	0.01722375
-140.39999965	0.01873736
-140.36666632	0.02003122
-140.33333298	0.02125559
-140.29999965	0.02185145
-140.26666632	0.02209110
-140.23333298	0.02189495
-140.19999965	0.02136211
-140.16666632	0.02063334
-140.13333298	0.01966839
-140.09999965	0.01883321
-140.06666632	0.01824441
-140.03333298	0.01802270
-139.99999965	0.01798751
-139.96666632	0.01837823
-139.93333298	0.01899545
-139.89999965	0.02004475
-139.86666631	0.02119202
-139.83333298	0.02264360
-139.79999965	0.02386583
-139.76666631	0.02523917
-139.73333298	0.02638841
-139.69999965	0.02717568
-139.66666631	0.02776539
-139.63333298	0.02819706
-139.59999965	0.02817791
-139.56666631	0.02757042
-139.53333298	0.02712173
-139.49999965	0.02618818
-139.46666631	0.02507945
-139.43333298	0.02372079
-139.39999965	0.02223729
-139.36666631	0.02057163
-139.33333298	0.01871101
-139.29999965	0.01700490
-139.26666631	0.01528145
-139.23333298	0.01342710
-139.19999965	0.01176249
-139.16666631	0.01004961
-139.13333298	0.00848843
-139.09999965	0.00690006
-139.06666631	0.00525667
-139.03333298	0.00392900
-138.99999964	0.00252777
-138.96666631	0.00117085
-138.93333298	0.00000823
-138.89999964	-0.00068644
-138.86666631	-0.00116708
-138.83333298	-0.00147291
-138.79999964	-0.00139751
-138.76666631	-0.00097091
-138.73333298	-0.00033182
-138.69999964	0.00021909
-138.66666631	0.00088405
-138.63333298	0.00142921
-138.59999964	0.00190192
-138.56666631	0.00207041
-138.53333298	0.00202920
-138.49999964	0.00196951
-138.46666631	0.00159183
-138.43333298	0.00151225
-138.39999964	0.00131205
-138.36666631	0.00121794
-138.33333298	0.00132114
-138.29999964	0.00190045
-138.26666631	0.00264184
-138.23333298	0.00371359
-138.19999964	0.00478361
-138.16666631	0.00589958
-138.13333297	0.00694394
-138.09999964	0.00810745
-138.06666631	0.00875213
-138.03333297	0.00895333
-137.99999964	0.00864953
-137.96666631	0.00798105
-137.93333297	0.00659767
-137.89999964	0.00507339
-137.86666631	0.00298004
-137.83333297	0.00054019
-137.79999964	-0.00220632
-137.76666631	-0.00496408
-137.73333297	-0.00792385
-137.69999964	-0.01063743
-137.66666631	-0.01321388
-137.63333297	-0.01549816
-137.59999964	-0.01755945
-137.56666631	-0.01955089
-137.53333297	-0.02161247
-137.49999964	-0.02335521
-137.46666631	-0.02540204
-137.43333297	-0.02734547
-137.39999964	-0.02938706
-137.36666630	-0.03128345
-137.33333297	-0.03301854
-137.29999964	-0.03447699
-137.26666630	-0.03548012
-137.23333297	-0.03588457
-137.19999964	-0.03581766
-137.16666630	-0.03513782
-137.13333297	-0.03365087
-137.09999964	-0.03145254
-137.06666630	-0.02858571
-137.03333297	-0.02534544
-136.99999964	-0.02172133
-136.96666630	-0.01795423
-136.93333297	-0.01440626
-136.89999964	-0.01088887
-136.86666630	-0.00805604
-136.83333297	-0.00568842
-136.79999964	-0.00396111
-136.76666630	-0.00301943
-136.73333297	-0.00262737
-136.69999964	-0.00284876
-136.66666630	-0.00382558
-136.63333297	-0.00522825
-136.59999964	-0.00650677
-136.56666630	-0.00809783
-136.53333297	-0.00957379
-136.49999963	-0.01089984
-136.46666630	-0.01181576
-136.43333297	-0.01226221
-136.39999963	-0.01255163
-136.36666630	-0.01224860
-136.33333297	-0.01177533
-136.29999963	-0.01066088
-136.26666630	-0.00965619
-136.23333297	-0.00841310
-136.19999963	-0.00731992
-136.16666630	-0.00641279
-136.13333297	-0.00575128
-136.09999963	-0.00570549
-136.06666630	-0.00610121
-136.03333297	-0.00719658
-135.99999963	-0.00873636
-135.96666630	-0.01048810
-135.93333297	-0.01295793
-135.89999963	-0.01547301
-135.86666630	-0.01821240
-135.83333297	-0.02112500
-135.79999963	-0.02358186
-135.76666630	-0.02598743
-135.73333297	-0.02817035
-135.69999963	-0.03003463
-135.66666630	-0.03138794
-135.63333296	-0.03275321
-135.59999963	-0.03357780
-135.56666630	-0.03420093
-135.53333296	-0.03484422
-135.49999963	-0.03527342
-135.46666630	-0.03587978
-135.43333296	-0.03618224
-135.39999963	-0.03654780
-135.36666630	-0.03672062
-135.33333296	-0.03688919
-135.29999963	-0.03697598
-135.26666630	-0.03707060
-135.23333296	-0.03695425
-135.19999963	-0.03655468
-135.16666630	-0.03630578
-135.13333296	-0.03585896
-135.09999963	-0.03553708
-135.06666630	-0.03520647
-135.03333296	-0.03487241
-134.99999963	-0.03454047
-134.96666630	-0.03471555
-134.93333296	-0.03509225
-134.89999963	-0.03569687
-134.86666630	-0.03641770
-134.83333296	-0.03703337
-134.79999963	-0.03768263
-134.76666629	-0.03817900
-134.73333296	-0.03836867
-134.69999963	-0.03799624
-134.66666629	-0.03747422
-134.63333296	-0.03616357
-134.59999963	-0.03473785
-134.56666629	-0.03244934
-134.53333296	-0.02981655
-134.49999963	-0.02700619
-134.46666629	-0.02391002
-134.43333296	-0.02116672
-134.39999963	-0.01857006
-134.36666629	-0.01628735
-134.33333296	-0.01444376
-134.29999963	-0.01327122
-134.26666629	-0.01246462
-134.23333296	-0.01197542
-134.19999963	-0.01208552
-134.16666629	-0.01276118
-134.13333296	-0.01344111
-134.09999963	-0.01459070
-134.06666629	-0.01558581
-134.03333296	-0.01651523
-133.99999963	-0.01709138
-133.96666629	-0.01772927
-133.93333296	-0.01816568
-133.89999962	-0.01847869
-133.86666629	-0.01892265
-133.83333296	-0.01938254
-133.79999962	-0.01955945
-133.76666629	-0.01978345
-133.73333296	-0.02009280
-133.69999962	-0.02016731
-133.66666629	-0.02018291
-133.63333296	-0.02001553
-133.59999962	-0.01950941
-133.56666629	-0.01866437
-133.53333296	-0.01782080
-133.49999962	-0.01644012
-133.46666629	-0.01498169
-133.43333296	-0.01334968
-133.39999962	-0.01179038
-133.36666629	-0.01031906
-133.33333296	-0.00894654
-133.29999962	-0.00807106
-133.26666629	-0.00691933
-133.23333296	-0.00628031
-133.19999962	-0.00555236
-133.16666629	-0.00495884
-133.13333295	-0.00429600
-133.09999962	-0.00377502
-133.06666629	-0.00285800
-133.03333295	-0.00195953
-132.99999962	-0.00089995
-132.96666629	0.00055212
-132.93333295	0.00200093
-132.89999962	0.00362713
-132.86666629	0.00541006
-132.83333295	0.00699473
-132.79999962	0.00857092
-132.76666629	0.00986673
-132.73333295	0.01115090
-132.69999962	0.01181020
-132.66666629	0.01202315
-132.63333295	0.01197358
-132.59999962	0.01138970
-132.56666629	0.01019900
-132.53333295	0.00880701
-132.49999962	0.00699446
-132.46666629	0.00482545
-132.43333295	0.00240516
-132.39999962	-0.00004981
-132.36666629	-0.00261076
-132.33333295	-0.00498122
-132.29999962	-0.00718667
-132.26666628	-0.00887931
-132.23333295	-0.01066256
-132.19999962	-0.01185063
-132.16666628	-0.01269417
-132.13333295	-0.01314611
-132.09999962	-0.01327652
-132.06666628	-0.01308776
-132.03333295	-0.01252570
-131.99999962	-0.01189889
-131.96666628	-0.01112400
-131.93333295	-0.01038973
-131.89999962	-0.00961928
-131.86666628	-0.00881666
-131.83333295	-0.00815985
-131.79999962	-0.00770123
-131.76666628	-0.00735807
-131.73333295	-0.00709189
-131.69999962	-0.00701306
-131.66666628	-0.00684624
-131.63333295	-0.00665222
-131.59999962	-0.00656744
-131.56666628	-0.00625667
-131.53333295	-0.00594446
-131.49999962	-0.00551491
-131.46666628	-0.00498608
-131.43333295	-0.00435658
-131.39999961	-0.00373695
-131.36666628	-0.00299521
-131.33333295	-0.00231469
-131.29999961	-0.00164819
-131.26666628	-0.00098692
-131.23333295	-0.00032914
-131.19999961	0.00018444
-131.16666628	0.00070899
-131.13333295	0.00105041
-131.09999961	0.00128123
-131.06666628	0.00146554
-131.03333295	0.00150559
-130.99999961	0.00148939
-130.96666628	0.00143229
-130.93333295	0.00127438
-130.89999961	0.00109612
-130.86666628	0.00093022
-130.83333295	0.00073618
-130.79999961	0.00060078
-130.76666628	0.00047551
-130.73333295	0.00038775
-130.69999961	0.00036691
-130.66666628	0.00030200
-130.63333295	0.00028859
-130.59999961	0.00027595
-130.56666628	0.00023324
-130.53333294	0.00020866
-130.49999961	0.00016543
-130.46666628	0.00016761
-130.43333294	0.00016030
-130.39999961	0.00014276
-130.36666628	0.00014253
-130.33333294	0.00014230
-130.29999961	0.00017147
-130.26666628	0.00021655
-130.23333294	0.00025073
-130.19999961	0.00030737
-130.16666628	0.00034590
-130.13333294	0.00038360
-130.09999961	0.00042542
-130.06666628	0.00045951
-130.03333294	0.00048493
-129.99999961	0.00049396
-129.96666628	0.00048308
-129.93333294	0.00046447
-129.89999961	0.00044024
-129.86666628	0.00040875
-129.83333294	0.00036146
-129.79999961	0.00031642
-129.76666628	0.00027165
-129.73333294	0.00022763
-129.69999961	0.00018553
-129.66666627	0.00014821
-129.63333294	0.00011517
-129.59999961	0.00008811
-129.56666627	0.00006559
-129.53333294	0.00004768
-129.49999961	0.00003389
-129.46666627	0.00002249
-129.43333294	0.00001349
-129.39999961	0.00000665
-129.36666627	0.00000180
-129.33333294	0.00000000
