# Menlo Systems GmbH ScanControl
# Program Version 1.3.3
# Start: -229.30000000 ps, Average over 300 waveforms. Timestamp: 2023-05-26T11:49:01
# Window type: Tukey, parameters: alpha = 0.1
# User time axis shift: 0 ps
# Time [ps]	THz Signal [a.u.]
-229.30000000	0.00000000
-229.26666667	0.00000003
-229.23333333	0.00000011
-229.20000000	0.00000039
-229.16666667	0.00000072
-229.13333333	0.00000087
-229.10000000	0.00000098
-229.06666667	0.00000184
-229.03333334	0.00000149
-229.00000000	0.00000053
-228.96666667	0.00000170
-228.93333334	0.00000393
-228.90000000	0.00000077
-228.86666667	0.00000416
-228.83333334	-0.00000050
-228.80000000	-0.00000153
-228.76666667	0.00000118
-228.73333334	-0.00000625
-228.70000001	-0.00000704
-228.66666667	-0.00000622
-228.63333334	-0.00000958
-228.60000001	-0.00000585
-228.56666667	-0.00001551
-228.53333334	-0.00000982
-228.50000001	-0.00002954
-228.46666667	-0.00002413
-228.43333334	-0.00002614
-228.40000001	-0.00003749
-228.36666667	-0.00003551
-228.33333334	-0.00003232
-228.30000001	-0.00004874
-228.26666668	-0.00007239
-228.23333334	-0.00006870
-228.20000001	-0.00005405
-228.16666668	-0.00005947
-228.13333334	-0.00006642
-228.10000001	-0.00007693
-228.06666668	-0.00005522
-228.03333334	-0.00008723
-228.00000001	-0.00008473
-227.96666668	-0.00007892
-227.93333335	-0.00006493
-227.90000001	-0.00008961
-227.86666668	-0.00008054
-227.83333335	-0.00010361
-227.80000001	-0.00006152
-227.76666668	-0.00009052
-227.73333335	-0.00007931
-227.70000001	-0.00004665
-227.66666668	-0.00006761
-227.63333335	-0.00003851
-227.60000002	-0.00003473
-227.56666668	-0.00001238
-227.53333335	-0.00001298
-227.50000002	-0.00000359
-227.46666668	0.00000546
-227.43333335	0.00005400
-227.40000002	0.00002287
-227.36666668	0.00006081
-227.33333335	0.00009801
-227.30000002	0.00010611
-227.26666668	0.00004886
-227.23333335	0.00012511
-227.20000002	0.00012848
-227.16666669	0.00024526
-227.13333335	0.00016920
-227.10000002	0.00018749
-227.06666669	0.00016014
-227.03333335	0.00017628
-227.00000002	0.00015017
-226.96666669	0.00017590
-226.93333335	0.00023779
-226.90000002	0.00020913
-226.86666669	0.00011031
-226.83333336	0.00021743
-226.80000002	0.00023389
-226.76666669	0.00017212
-226.73333336	0.00019503
-226.70000002	0.00027034
-226.66666669	0.00028308
-226.63333336	0.00025916
-226.60000002	0.00025464
-226.56666669	0.00014419
-226.53333336	0.00013438
-226.50000003	0.00011063
-226.46666669	0.00016216
-226.43333336	0.00005892
-226.40000003	0.00005515
-226.36666669	0.00001390
-226.33333336	0.00007896
-226.30000003	-0.00003574
-226.26666669	0.00002098
-226.23333336	-0.00004977
-226.20000003	-0.00011138
-226.16666670	-0.00016536
-226.13333336	-0.00021563
-226.10000003	-0.00015572
-226.06666670	-0.00014789
-226.03333336	-0.00024829
-226.00000003	-0.00025552
-225.96666670	-0.00025552
-225.93333336	-0.00029760
-225.90000003	-0.00034055
-225.86666670	-0.00045563
-225.83333336	-0.00049953
-225.80000003	-0.00047581
-225.76666670	-0.00041408
-225.73333337	-0.00045237
-225.70000003	-0.00047535
-225.66666670	-0.00049284
-225.63333337	-0.00038955
-225.60000003	-0.00048299
-225.56666670	-0.00044433
-225.53333337	-0.00032838
-225.50000003	-0.00034938
-225.46666670	-0.00028882
-225.43333337	-0.00051447
-225.40000004	-0.00042154
-225.36666670	-0.00031768
-225.33333337	-0.00032605
-225.30000004	-0.00010851
-225.26666670	-0.00022427
-225.23333337	-0.00019043
-225.20000004	-0.00009582
-225.16666670	0.00009443
-225.13333337	-0.00000011
-225.10000004	0.00014057
-225.06666671	0.00010151
-225.03333337	0.00020459
-225.00000004	0.00026222
-224.96666671	0.00022445
-224.93333337	0.00036041
-224.90000004	0.00045971
-224.86666671	0.00049742
-224.83333337	0.00062078
-224.80000004	0.00046294
-224.76666671	0.00051024
-224.73333337	0.00072112
-224.70000004	0.00066215
-224.66666671	0.00082972
-224.63333338	0.00084192
-224.60000004	0.00087341
-224.56666671	0.00075370
-224.53333338	0.00079830
-224.50000004	0.00083293
-224.46666671	0.00078165
-224.43333338	0.00078622
-224.40000004	0.00063115
-224.36666671	0.00073977
-224.33333338	0.00078699
-224.30000005	0.00057626
-224.26666671	0.00065522
-224.23333338	0.00055737
-224.20000005	0.00059680
-224.16666671	0.00051745
-224.13333338	0.00045719
-224.10000005	0.00039790
-224.06666671	0.00030521
-224.03333338	0.00018624
-224.00000005	0.00029650
-223.96666672	0.00033060
-223.93333338	0.00028248
-223.90000005	0.00010538
-223.86666672	0.00024624
-223.83333338	0.00003247
-223.80000005	0.00010109
-223.76666672	-0.00001810
-223.73333338	-0.00010486
-223.70000005	0.00006470
-223.66666672	0.00003206
-223.63333338	0.00000764
-223.60000005	-0.00009507
-223.56666672	0.00005523
-223.53333339	-0.00020768
-223.50000005	-0.00004145
-223.46666672	-0.00018358
-223.43333339	-0.00005550
-223.40000005	-0.00000575
-223.36666672	-0.00015037
-223.33333339	-0.00022950
-223.30000005	-0.00022045
-223.26666672	-0.00018284
-223.23333339	-0.00024277
-223.20000006	-0.00017266
-223.16666672	-0.00029018
-223.13333339	-0.00033968
-223.10000006	-0.00044427
-223.06666672	-0.00041554
-223.03333339	-0.00035589
-223.00000006	-0.00033469
-222.96666672	-0.00044755
-222.93333339	-0.00019071
-222.90000006	-0.00035851
-222.86666673	-0.00055993
-222.83333339	-0.00042551
-222.80000006	-0.00043289
-222.76666673	-0.00043122
-222.73333339	-0.00027005
-222.70000006	-0.00038661
-222.66666673	-0.00043872
-222.63333339	-0.00046152
-222.60000006	-0.00037491
-222.56666673	-0.00021638
-222.53333339	-0.00026380
-222.50000006	-0.00027533
-222.46666673	-0.00033772
-222.43333340	-0.00017306
-222.40000006	-0.00030315
-222.36666673	-0.00020351
-222.33333340	-0.00016837
-222.30000006	-0.00016677
-222.26666673	-0.00021574
-222.23333340	-0.00029745
-222.20000006	-0.00026096
-222.16666673	-0.00023297
-222.13333340	-0.00022559
-222.10000007	-0.00009186
-222.06666673	-0.00017595
-222.03333340	-0.00014667
-222.00000007	-0.00007984
-221.96666673	0.00004428
-221.93333340	0.00011321
-221.90000007	0.00001855
-221.86666673	0.00019178
-221.83333340	0.00013288
-221.80000007	-0.00005048
-221.76666674	0.00006911
-221.73333340	0.00022180
-221.70000007	0.00029266
-221.66666674	0.00012219
-221.63333340	0.00009440
-221.60000007	0.00010430
-221.56666674	0.00026411
-221.53333340	0.00019400
-221.50000007	0.00037157
-221.46666674	0.00029243
-221.43333341	0.00042381
-221.40000007	0.00034760
-221.36666674	0.00045835
-221.33333341	0.00043045
-221.30000007	0.00051861
-221.26666674	0.00059683
-221.23333341	0.00070184
-221.20000007	0.00070292
-221.16666674	0.00061751
-221.13333341	0.00081680
-221.10000007	0.00083548
-221.06666674	0.00074190
-221.03333341	0.00074615
-221.00000008	0.00084592
-220.96666674	0.00088820
-220.93333341	0.00074090
-220.90000008	0.00088559
-220.86666674	0.00093209
-220.83333341	0.00097878
-220.80000008	0.00090389
-220.76666674	0.00098109
-220.73333341	0.00092195
-220.70000008	0.00086447
-220.66666675	0.00078964
-220.63333341	0.00092521
-220.60000008	0.00062544
-220.56666675	0.00077561
-220.53333341	0.00058644
-220.50000008	0.00069119
-220.46666675	0.00065232
-220.43333341	0.00059009
-220.40000008	0.00057506
-220.36666675	0.00070354
-220.33333342	0.00072033
-220.30000008	0.00045207
-220.26666675	0.00056096
-220.23333342	0.00023708
-220.20000008	0.00043472
-220.16666675	0.00050413
-220.13333342	0.00044845
-220.10000008	0.00037504
-220.06666675	0.00045305
-220.03333342	0.00028034
-220.00000008	0.00055464
-219.96666675	0.00052492
-219.93333342	0.00053508
-219.90000009	0.00054841
-219.86666675	0.00075074
-219.83333342	0.00054762
-219.80000009	0.00063078
-219.76666675	0.00059127
-219.73333342	0.00054574
-219.70000009	0.00068469
-219.66666675	0.00063396
-219.63333342	0.00060973
-219.60000009	0.00078366
-219.56666676	0.00074524
-219.53333342	0.00091175
-219.50000009	0.00093789
-219.46666676	0.00084062
-219.43333342	0.00089870
-219.40000009	0.00085916
-219.36666676	0.00095224
-219.33333342	0.00094876
-219.30000009	0.00094626
-219.26666676	0.00097723
-219.23333343	0.00102882
-219.20000009	0.00098132
-219.16666676	0.00100000
-219.13333343	0.00092297
-219.10000009	0.00101296
-219.06666676	0.00114280
-219.03333343	0.00116642
-219.00000009	0.00111871
-218.96666676	0.00108160
-218.93333343	0.00106002
-218.90000009	0.00095390
-218.86666676	0.00092412
-218.83333343	0.00084294
-218.80000010	0.00089339
-218.76666676	0.00075670
-218.73333343	0.00100814
-218.70000010	0.00089524
-218.66666676	0.00100816
-218.63333343	0.00089662
-218.60000010	0.00087972
-218.56666676	0.00069653
-218.53333343	0.00084573
-218.50000010	0.00066740
-218.46666677	0.00061362
-218.43333343	0.00071081
-218.40000010	0.00044587
-218.36666677	0.00052967
-218.33333343	0.00059718
-218.30000010	0.00043899
-218.26666677	0.00043473
-218.23333343	0.00036768
-218.20000010	0.00018233
-218.16666677	0.00003337
-218.13333344	0.00006967
-218.10000010	0.00004420
-218.06666677	0.00010363
-218.03333344	-0.00009195
-218.00000010	-0.00013465
-217.96666677	-0.00032486
-217.93333344	-0.00030947
-217.90000010	-0.00041016
-217.86666677	-0.00052451
-217.83333344	-0.00042631
-217.80000011	-0.00053863
-217.76666677	-0.00062978
-217.73333344	-0.00049099
-217.70000011	-0.00054091
-217.66666677	-0.00069094
-217.63333344	-0.00080637
-217.60000011	-0.00093848
-217.56666677	-0.00096478
-217.53333344	-0.00108409
-217.50000011	-0.00097697
-217.46666677	-0.00113984
-217.43333344	-0.00122322
-217.40000011	-0.00131983
-217.36666678	-0.00132775
-217.33333344	-0.00119122
-217.30000011	-0.00130571
-217.26666678	-0.00143339
-217.23333344	-0.00153263
-217.20000011	-0.00140044
-217.16666678	-0.00153703
-217.13333344	-0.00161414
-217.10000011	-0.00173192
-217.06666678	-0.00172100
-217.03333345	-0.00166705
-217.00000011	-0.00172058
-216.96666678	-0.00176568
-216.93333345	-0.00184607
-216.90000011	-0.00178513
-216.86666678	-0.00186279
-216.83333345	-0.00166835
-216.80000011	-0.00179344
-216.76666678	-0.00176687
-216.73333345	-0.00164572
-216.70000012	-0.00160794
-216.66666678	-0.00163932
-216.63333345	-0.00161836
-216.60000012	-0.00153607
-216.56666678	-0.00155315
-216.53333345	-0.00154972
-216.50000012	-0.00145711
-216.46666678	-0.00132651
-216.43333345	-0.00120068
-216.40000012	-0.00120832
-216.36666678	-0.00113945
-216.33333345	-0.00108888
-216.30000012	-0.00085422
-216.26666679	-0.00086575
-216.23333345	-0.00081946
-216.20000012	-0.00061633
-216.16666679	-0.00049959
-216.13333345	-0.00055743
-216.10000012	-0.00051595
-216.06666679	-0.00039380
-216.03333345	-0.00031589
-216.00000012	-0.00013153
-215.96666679	-0.00004754
-215.93333346	0.00000742
-215.90000012	0.00016327
-215.86666679	0.00023350
-215.83333346	0.00040275
-215.80000012	0.00032631
-215.76666679	0.00051752
-215.73333346	0.00073126
-215.70000012	0.00066933
-215.66666679	0.00087109
-215.63333346	0.00082439
-215.60000013	0.00100376
-215.56666679	0.00098194
-215.53333346	0.00108275
-215.50000013	0.00123154
-215.46666679	0.00100741
-215.43333346	0.00125889
-215.40000013	0.00118983
-215.36666679	0.00118444
-215.33333346	0.00132350
-215.30000013	0.00140072
-215.26666679	0.00141370
-215.23333346	0.00138109
-215.20000013	0.00136134
-215.16666680	0.00169032
-215.13333346	0.00149062
-215.10000013	0.00129316
-215.06666680	0.00142169
-215.03333346	0.00160510
-215.00000013	0.00148848
-214.96666680	0.00150095
-214.93333346	0.00170641
-214.90000013	0.00157830
-214.86666680	0.00161981
-214.83333347	0.00156854
-214.80000013	0.00165293
-214.76666680	0.00177816
-214.73333347	0.00164776
-214.70000013	0.00179171
-214.66666680	0.00181456
-214.63333347	0.00166411
-214.60000013	0.00166211
-214.56666680	0.00188053
-214.53333347	0.00194801
-214.50000014	0.00176736
-214.46666680	0.00190510
-214.43333347	0.00203688
-214.40000014	0.00196983
-214.36666680	0.00204075
-214.33333347	0.00207265
-214.30000014	0.00189662
-214.26666680	0.00208717
-214.23333347	0.00215082
-214.20000014	0.00216780
-214.16666681	0.00216932
-214.13333347	0.00220680
-214.10000014	0.00236841
-214.06666681	0.00216124
-214.03333347	0.00231608
-214.00000014	0.00221521
-213.96666681	0.00236433
-213.93333347	0.00226835
-213.90000014	0.00232598
-213.86666681	0.00248406
-213.83333347	0.00238794
-213.80000014	0.00248488
-213.76666681	0.00261714
-213.73333348	0.00245607
-213.70000014	0.00221777
-213.66666681	0.00220382
-213.63333348	0.00189904
-213.60000014	0.00172654
-213.56666681	0.00136091
-213.53333348	0.00101779
-213.50000014	0.00083607
-213.46666681	0.00039309
-213.43333348	0.00013883
-213.40000015	-0.00022971
-213.36666681	-0.00051683
-213.33333348	-0.00061656
-213.30000015	-0.00078277
-213.26666681	-0.00075679
-213.23333348	-0.00091749
-213.20000015	-0.00089228
-213.16666681	-0.00067350
-213.13333348	-0.00051661
-213.10000015	-0.00036045
-213.06666682	0.00003838
-213.03333348	0.00016450
-213.00000015	0.00057873
-212.96666682	0.00105573
-212.93333348	0.00124060
-212.90000015	0.00150587
-212.86666682	0.00182425
-212.83333348	0.00228887
-212.80000015	0.00233400
-212.76666682	0.00259953
-212.73333348	0.00287489
-212.70000015	0.00309482
-212.66666682	0.00321598
-212.63333349	0.00308553
-212.60000015	0.00354382
-212.56666682	0.00330654
-212.53333349	0.00356466
-212.50000015	0.00345333
-212.46666682	0.00364459
-212.43333349	0.00355365
-212.40000015	0.00331940
-212.36666682	0.00317224
-212.33333349	0.00308490
-212.30000016	0.00257746
-212.26666682	0.00236143
-212.23333349	0.00206523
-212.20000016	0.00158017
-212.16666682	0.00121460
-212.13333349	0.00082729
-212.10000016	0.00024299
-212.06666682	-0.00032991
-212.03333349	-0.00086418
-212.00000016	-0.00134720
-211.96666683	-0.00182749
-211.93333349	-0.00217590
-211.90000016	-0.00248090
-211.86666683	-0.00268670
-211.83333349	-0.00268773
-211.80000016	-0.00247866
-211.76666683	-0.00238025
-211.73333349	-0.00204580
-211.70000016	-0.00146123
-211.66666683	-0.00087884
-211.63333349	-0.00020920
-211.60000016	0.00029399
-211.56666683	0.00102271
-211.53333350	0.00164638
-211.50000016	0.00224878
-211.46666683	0.00288853
-211.43333350	0.00353945
-211.40000016	0.00398267
-211.36666683	0.00434909
-211.33333350	0.00447216
-211.30000016	0.00490739
-211.26666683	0.00516539
-211.23333350	0.00522006
-211.20000017	0.00521209
-211.16666683	0.00508009
-211.13333350	0.00503898
-211.10000017	0.00510206
-211.06666683	0.00494852
-211.03333350	0.00474647
-211.00000017	0.00450575
-210.96666683	0.00427989
-210.93333350	0.00418290
-210.90000017	0.00386576
-210.86666684	0.00357594
-210.83333350	0.00339542
-210.80000017	0.00316628
-210.76666684	0.00295113
-210.73333350	0.00289826
-210.70000017	0.00261787
-210.66666684	0.00255949
-210.63333350	0.00244436
-210.60000017	0.00244122
-210.56666684	0.00210470
-210.53333350	0.00206092
-210.50000017	0.00203396
-210.46666684	0.00190452
-210.43333351	0.00177089
-210.40000017	0.00199080
-210.36666684	0.00203033
-210.33333351	0.00184311
-210.30000017	0.00183636
-210.26666684	0.00208178
-210.23333351	0.00202193
-210.20000017	0.00213220
-210.16666684	0.00224994
-210.13333351	0.00227822
-210.10000018	0.00234610
-210.06666684	0.00239328
-210.03333351	0.00247024
-210.00000018	0.00252071
-209.96666684	0.00266576
-209.93333351	0.00261852
-209.90000018	0.00276982
-209.86666684	0.00273140
-209.83333351	0.00263300
-209.80000018	0.00273959
-209.76666685	0.00253934
-209.73333351	0.00256641
-209.70000018	0.00252597
-209.66666685	0.00244410
-209.63333351	0.00238623
-209.60000018	0.00234517
-209.56666685	0.00214240
-209.53333351	0.00220432
-209.50000018	0.00200885
-209.46666685	0.00190664
-209.43333352	0.00208206
-209.40000018	0.00220847
-209.36666685	0.00212366
-209.33333352	0.00217802
-209.30000018	0.00241105
-209.26666685	0.00248397
-209.23333352	0.00269012
-209.20000018	0.00278457
-209.16666685	0.00322482
-209.13333352	0.00329369
-209.10000018	0.00357189
-209.06666685	0.00391113
-209.03333352	0.00386020
-209.00000019	0.00419777
-208.96666685	0.00428366
-208.93333352	0.00433755
-208.90000019	0.00458848
-208.86666685	0.00471978
-208.83333352	0.00502088
-208.80000019	0.00512343
-208.76666685	0.00528244
-208.73333352	0.00530871
-208.70000019	0.00546531
-208.66666686	0.00551870
-208.63333352	0.00555457
-208.60000019	0.00585116
-208.56666686	0.00608496
-208.53333352	0.00641736
-208.50000019	0.00639243
-208.46666686	0.00676021
-208.43333352	0.00704130
-208.40000019	0.00733104
-208.36666686	0.00756669
-208.33333353	0.00780231
-208.30000019	0.00821509
-208.26666686	0.00857549
-208.23333353	0.00889665
-208.20000019	0.00932695
-208.16666686	0.00971781
-208.13333353	0.01011401
-208.10000019	0.01057729
-208.06666686	0.01114219
-208.03333353	0.01163508
-208.00000019	0.01231735
-207.96666686	0.01274887
-207.93333353	0.01351817
-207.90000020	0.01411776
-207.86666686	0.01486210
-207.83333353	0.01568148
-207.80000020	0.01635005
-207.76666686	0.01733982
-207.73333353	0.01835365
-207.70000020	0.01939576
-207.66666686	0.02037447
-207.63333353	0.02153321
-207.60000020	0.02286921
-207.56666687	0.02406877
-207.53333353	0.02538231
-207.50000020	0.02688124
-207.46666687	0.02823432
-207.43333353	0.02993004
-207.40000020	0.03152993
-207.36666687	0.03328915
-207.33333353	0.03492432
-207.30000020	0.03702070
-207.26666687	0.03920007
-207.23333354	0.04127679
-207.20000020	0.04373614
-207.16666687	0.04607148
-207.13333354	0.04865869
-207.10000020	0.05126964
-207.06666687	0.05412434
-207.03333354	0.05697396
-207.00000020	0.05997529
-206.96666687	0.06314562
-206.93333354	0.06643238
-206.90000020	0.07011266
-206.86666687	0.07371443
-206.83333354	0.07734956
-206.80000021	0.08121766
-206.76666687	0.08522101
-206.73333354	0.08944113
-206.70000021	0.09390054
-206.66666687	0.09819093
-206.63333354	0.10289542
-206.60000021	0.10731650
-206.56666687	0.11183357
-206.53333354	0.11616315
-206.50000021	0.12025346
-206.46666688	0.12422534
-206.43333354	0.12762043
-206.40000021	0.13027786
-206.36666688	0.13215858
-206.33333354	0.13268151
-206.30000021	0.13188565
-206.26666688	0.12927196
-206.23333354	0.12428524
-206.20000021	0.11647716
-206.16666688	0.10470713
-206.13333355	0.08816691
-206.10000021	0.06545582
-206.06666688	0.03528586
-206.03333355	-0.00448917
-206.00000021	-0.05532829
-205.96666688	-0.11905842
-205.93333355	-0.19735430
-205.90000021	-0.29093174
-205.86666688	-0.39944718
-205.83333355	-0.52214407
-205.80000022	-0.65575186
-205.76666688	-0.79582040
-205.73333355	-0.93634165
-205.70000022	-1.06989553
-205.66666688	-1.18850231
-205.63333355	-1.28429898
-205.60000022	-1.35072420
-205.56666688	-1.38214461
-205.53333355	-1.37553030
-205.50000022	-1.33005976
-205.46666688	-1.24722329
-205.43333355	-1.13037053
-205.40000022	-0.98484123
-205.36666689	-0.81678012
-205.33333355	-0.63309865
-205.30000022	-0.44099591
-205.26666689	-0.24761732
-205.23333355	-0.05944860
-205.20000022	0.11779795
-205.16666689	0.27949624
-205.13333355	0.42300420
-205.10000022	0.54647930
-205.06666689	0.65033056
-205.03333356	0.73504318
-205.00000022	0.80118611
-204.96666689	0.85027424
-204.93333356	0.88279807
-204.90000022	0.90050394
-204.86666689	0.90464099
-204.83333356	0.89742376
-204.80000022	0.88075102
-204.76666689	0.85675221
-204.73333356	0.82751154
-204.70000023	0.79386662
-204.66666689	0.75641835
-204.63333356	0.71605498
-204.60000023	0.67296370
-204.56666689	0.62742471
-204.53333356	0.57995687
-204.50000023	0.53076916
-204.46666689	0.48036453
-204.43333356	0.42869376
-204.40000023	0.37622901
-204.36666689	0.32311044
-204.33333356	0.26987202
-204.30000023	0.21743313
-204.26666690	0.16639597
-204.23333356	0.11876532
-204.20000023	0.07550794
-204.16666690	0.03822009
-204.13333356	0.00784220
-204.10000023	-0.01487382
-204.06666690	-0.02995849
-204.03333356	-0.03795106
-204.00000023	-0.03986646
-203.96666690	-0.03685580
-203.93333357	-0.03041006
-203.90000023	-0.02205374
-203.86666690	-0.01341961
-203.83333357	-0.00604077
-203.80000023	-0.00128223
-203.76666690	-0.00045176
-203.73333357	-0.00408150
-203.70000023	-0.01256862
-203.66666690	-0.02497492
-203.63333357	-0.04042037
-203.60000024	-0.05701170
-203.56666690	-0.07294951
-203.53333357	-0.08723593
-203.50000024	-0.09824411
-203.46666690	-0.10570492
-203.43333357	-0.10937280
-203.40000024	-0.10933221
-203.36666690	-0.10595701
-203.33333357	-0.09979508
-203.30000024	-0.09135880
-203.26666690	-0.08138429
-203.23333357	-0.07028535
-203.20000024	-0.05887011
-203.16666691	-0.04808799
-203.13333357	-0.03842027
-203.10000024	-0.03024628
-203.06666691	-0.02367830
-203.03333357	-0.01881501
-203.00000024	-0.01532182
-202.96666691	-0.01276787
-202.93333357	-0.01121866
-202.90000024	-0.01026897
-202.86666691	-0.01008697
-202.83333358	-0.01051981
-202.80000024	-0.01170616
-202.76666691	-0.01340991
-202.73333358	-0.01573468
-202.70000024	-0.01844311
-202.66666691	-0.02136644
-202.63333358	-0.02517571
-202.60000024	-0.02944887
-202.56666691	-0.03437566
-202.53333358	-0.03954611
-202.50000025	-0.04434530
-202.46666691	-0.04848276
-202.43333358	-0.05117572
-202.40000025	-0.05197199
-202.36666691	-0.05076312
-202.33333358	-0.04710584
-202.30000025	-0.04105750
-202.26666691	-0.03263835
-202.23333358	-0.02198575
-202.20000025	-0.00961338
-202.16666692	0.00420180
-202.13333358	0.01856712
-202.10000025	0.03244814
-202.06666692	0.04495634
-202.03333358	0.05455497
-202.00000025	0.06066850
-201.96666692	0.06255190
-201.93333358	0.05995443
-201.90000025	0.05269667
-201.86666692	0.04179870
-201.83333358	0.02817041
-201.80000025	0.01268376
-201.76666692	-0.00329576
-201.73333359	-0.01841326
-201.70000025	-0.03179168
-201.66666692	-0.04262818
-201.63333359	-0.04974804
-201.60000025	-0.05326807
-201.56666692	-0.05284087
-201.53333359	-0.04914011
-201.50000025	-0.04311912
-201.46666692	-0.03589980
-201.43333359	-0.02862413
-201.40000026	-0.02250952
-201.36666692	-0.01812732
-201.33333359	-0.01585418
-201.30000026	-0.01565579
-201.26666692	-0.01779865
-201.23333359	-0.02161014
-201.20000026	-0.02682942
-201.16666692	-0.03300757
-201.13333359	-0.03928384
-201.10000026	-0.04538688
-201.06666693	-0.05019335
-201.03333359	-0.05398911
-201.00000026	-0.05633399
-200.96666693	-0.05698139
-200.93333359	-0.05620050
-200.90000026	-0.05394229
-200.86666693	-0.05014826
-200.83333359	-0.04506701
-200.80000026	-0.03896426
-200.76666693	-0.03196138
-200.73333359	-0.02506174
-200.70000026	-0.01788440
-200.66666693	-0.01123774
-200.63333360	-0.00511566
-200.60000026	-0.00018390
-200.56666693	0.00388022
-200.53333360	0.00715135
-200.50000026	0.01018608
-200.46666693	0.01344260
-200.43333360	0.01696958
-200.40000026	0.02071659
-200.36666693	0.02498919
-200.33333360	0.02881910
-200.30000027	0.03200230
-200.26666693	0.03365478
-200.23333360	0.03383811
-200.20000027	0.03248751
-200.16666693	0.03020089
-200.13333360	0.02698846
-200.10000027	0.02273640
-200.06666693	0.01751346
-200.03333360	0.01166681
-200.00000027	0.00501813
-199.96666694	-0.00169513
-199.93333360	-0.00826909
-199.90000027	-0.01420331
-199.86666694	-0.01963965
-199.83333360	-0.02419934
-199.80000027	-0.02803481
-199.76666694	-0.03126543
-199.73333360	-0.03389777
-199.70000027	-0.03615576
-199.66666694	-0.03776545
-199.63333360	-0.03919326
-199.60000027	-0.04010470
-199.56666694	-0.04060434
-199.53333361	-0.04091044
-199.50000027	-0.04049330
-199.46666694	-0.03903176
-199.43333361	-0.03642489
-199.40000027	-0.03225824
-199.36666694	-0.02725075
-199.33333361	-0.02148963
-199.30000027	-0.01522209
-199.26666694	-0.00921618
-199.23333361	-0.00334226
-199.20000028	0.00180844
-199.16666694	0.00639651
-199.13333361	0.00993099
-199.10000028	0.01233772
-199.06666694	0.01373351
-199.03333361	0.01360747
-199.00000028	0.01247112
-198.96666694	0.01064695
-198.93333361	0.00854652
-198.90000028	0.00672108
-198.86666695	0.00588906
-198.83333361	0.00561318
-198.80000028	0.00620313
-198.76666695	0.00662124
-198.73333361	0.00732893
-198.70000028	0.00803453
-198.66666695	0.00916771
-198.63333361	0.01056993
-198.60000028	0.01282691
-198.56666695	0.01538871
-198.53333361	0.01803954
-198.50000028	0.02035466
-198.46666695	0.02157134
-198.43333362	0.02144682
-198.40000028	0.02012347
-198.36666695	0.01720314
-198.33333362	0.01320264
-198.30000028	0.00795879
-198.26666695	0.00180778
-198.23333362	-0.00528131
-198.20000028	-0.01297251
-198.16666695	-0.02084172
-198.13333362	-0.02866894
-198.10000029	-0.03555840
-198.06666695	-0.04179528
-198.03333362	-0.04628819
-198.00000029	-0.04927685
-197.96666695	-0.05036270
-197.93333362	-0.04984578
-197.90000029	-0.04740587
-197.86666695	-0.04341066
-197.83333362	-0.03805617
-197.80000029	-0.03211071
-197.76666696	-0.02557689
-197.73333362	-0.01921109
-197.70000029	-0.01322285
-197.66666696	-0.00819774
-197.63333362	-0.00410118
-197.60000029	-0.00051734
-197.56666696	0.00221532
-197.53333362	0.00473005
-197.50000029	0.00703647
-197.46666696	0.00889179
-197.43333363	0.01087307
-197.40000029	0.01253942
-197.36666696	0.01443343
-197.33333363	0.01645128
-197.30000029	0.01799759
-197.26666696	0.01926735
-197.23333363	0.01983019
-197.20000029	0.01956854
-197.16666696	0.01796395
-197.13333363	0.01570525
-197.10000029	0.01269102
-197.06666696	0.00878355
-197.03333363	0.00487310
-197.00000030	0.00088545
-196.96666696	-0.00252781
-196.93333363	-0.00580655
-196.90000030	-0.00811160
-196.86666696	-0.00941265
-196.83333363	-0.00993736
-196.80000030	-0.00908434
-196.76666696	-0.00697469
-196.73333363	-0.00380055
-196.70000030	0.00020577
-196.66666697	0.00493804
-196.63333363	0.01011646
-196.60000030	0.01557442
-196.56666697	0.02096844
-196.53333363	0.02672498
-196.50000030	0.03219436
-196.46666697	0.03728352
-196.43333363	0.04137903
-196.40000030	0.04407550
-196.36666697	0.04507314
-196.33333364	0.04369045
-196.30000030	0.04044089
-196.26666697	0.03507258
-196.23333364	0.02839203
-196.20000030	0.02058839
-196.16666697	0.01226117
-196.13333364	0.00357869
-196.10000030	-0.00493622
-196.06666697	-0.01304397
-196.03333364	-0.02020519
-196.00000030	-0.02596679
-195.96666697	-0.03026186
-195.93333364	-0.03327618
-195.90000031	-0.03494576
-195.86666697	-0.03534435
-195.83333364	-0.03492321
-195.80000031	-0.03376179
-195.76666697	-0.03213002
-195.73333364	-0.02992585
-195.70000031	-0.02716480
-195.66666697	-0.02358354
-195.63333364	-0.01987112
-195.60000031	-0.01542622
-195.56666698	-0.01115402
-195.53333364	-0.00703709
-195.50000031	-0.00367339
-195.46666698	-0.00084231
-195.43333364	0.00111307
-195.40000031	0.00232190
-195.36666698	0.00318717
-195.33333364	0.00378126
-195.30000031	0.00428787
-195.26666698	0.00474588
-195.23333365	0.00528146
-195.20000031	0.00610447
-195.16666698	0.00709303
-195.13333365	0.00816974
-195.10000031	0.00953642
-195.06666698	0.01122202
-195.03333365	0.01336711
-195.00000031	0.01566174
-194.96666698	0.01821639
-194.93333365	0.02084397
-194.90000031	0.02329949
-194.86666698	0.02546886
-194.83333365	0.02716654
-194.80000032	0.02843060
-194.76666698	0.02923623
-194.73333365	0.02996037
-194.70000032	0.03040974
-194.66666698	0.03061208
-194.63333365	0.03042857
-194.60000032	0.03016276
-194.56666698	0.02898902
-194.53333365	0.02736085
-194.50000032	0.02504634
-194.46666699	0.02192083
-194.43333365	0.01865186
-194.40000032	0.01500576
-194.36666699	0.01144396
-194.33333365	0.00760714
-194.30000032	0.00388056
-194.26666699	0.00029962
-194.23333365	-0.00384472
-194.20000032	-0.00862449
-194.16666699	-0.01372592
-194.13333366	-0.01929094
-194.10000032	-0.02472309
-194.06666699	-0.02994691
-194.03333366	-0.03483812
-194.00000032	-0.03927040
-193.96666699	-0.04352568
-193.93333366	-0.04712470
-193.90000032	-0.05098867
-193.86666699	-0.05494871
-193.83333366	-0.05909834
-193.80000033	-0.06360608
-193.76666699	-0.06929103
-193.73333366	-0.07549813
-193.70000033	-0.08277279
-193.66666699	-0.09062749
-193.63333366	-0.09903083
-193.60000033	-0.10709669
-193.56666699	-0.11426004
-193.53333366	-0.11953219
-193.50000033	-0.12230439
-193.46666699	-0.12142015
-193.43333366	-0.11660665
-193.40000033	-0.10763841
-193.36666700	-0.09429568
-193.33333366	-0.07704717
-193.30000033	-0.05685734
-193.26666700	-0.03406593
-193.23333366	-0.00962588
-193.20000033	0.01562163
-193.16666700	0.04073936
-193.13333366	0.06476777
-193.10000033	0.08646889
-193.06666700	0.10551655
-193.03333367	0.12135658
-193.00000033	0.13365808
-192.96666700	0.14246815
-192.93333367	0.14792452
-192.90000033	0.15033065
-192.86666700	0.14961779
-192.83333367	0.14611194
-192.80000033	0.13952235
-192.76666700	0.13001667
-192.73333367	0.11789679
-192.70000034	0.10366511
-192.66666700	0.08789825
-192.63333367	0.07147701
-192.60000034	0.05511783
-192.56666700	0.03926559
-192.53333367	0.02441540
-192.50000034	0.01094610
-192.46666700	-0.00109166
-192.43333367	-0.01144307
-192.40000034	-0.02001235
-192.36666700	-0.02685152
-192.33333367	-0.03220716
-192.30000034	-0.03621429
-192.26666701	-0.03937517
-192.23333367	-0.04188842
-192.20000034	-0.04410738
-192.16666701	-0.04603639
-192.13333367	-0.04751474
-192.10000034	-0.04876586
-192.06666701	-0.04876677
-192.03333367	-0.04719826
-192.00000034	-0.04400698
-191.96666701	-0.03917840
-191.93333368	-0.03246512
-191.90000034	-0.02436246
-191.86666701	-0.01556857
-191.83333368	-0.00682997
-191.80000034	0.00143888
-191.76666701	0.00840002
-191.73333368	0.01359897
-191.70000034	0.01654807
-191.66666701	0.01693580
-191.63333368	0.01494099
-191.60000035	0.01036854
-191.56666701	0.00410316
-191.53333368	-0.00357521
-191.50000035	-0.01184504
-191.46666701	-0.01947820
-191.43333368	-0.02582269
-191.40000035	-0.02964867
-191.36666701	-0.03080008
-191.33333368	-0.02874561
-191.30000035	-0.02353933
-191.26666701	-0.01594695
-191.23333368	-0.00599396
-191.20000035	0.00450960
-191.16666702	0.01549025
-191.13333368	0.02558343
-191.10000035	0.03402559
-191.06666702	0.04033229
-191.03333368	0.04394703
-191.00000035	0.04485016
-190.96666702	0.04300808
-190.93333368	0.03891455
-190.90000035	0.03287003
-190.86666702	0.02569208
-190.83333369	0.01814311
-190.80000035	0.01043924
-190.76666702	0.00333177
-190.73333369	-0.00328352
-190.70000035	-0.00910300
-190.66666702	-0.01463477
-190.63333369	-0.01959427
-190.60000035	-0.02443813
-190.56666702	-0.02941524
-190.53333369	-0.03425118
-190.50000036	-0.03888194
-190.46666702	-0.04346687
-190.43333369	-0.04694721
-190.40000036	-0.04965642
-190.36666702	-0.05078574
-190.33333369	-0.05002325
-190.30000036	-0.04714737
-190.26666702	-0.04189181
-190.23333369	-0.03460319
-190.20000036	-0.02549081
-190.16666703	-0.01483581
-190.13333369	-0.00324511
-190.10000036	0.00837576
-190.06666703	0.01926660
-190.03333369	0.02862629
-190.00000036	0.03560897
-189.96666703	0.03990755
-189.93333369	0.04125483
-189.90000036	0.03948669
-189.86666703	0.03457081
-189.83333369	0.02731938
-189.80000036	0.01791206
-189.76666703	0.00712525
-189.73333370	-0.00390947
-189.70000036	-0.01399279
-189.66666703	-0.02241808
-189.63333370	-0.02783890
-189.60000036	-0.02993344
-189.56666703	-0.02838491
-189.53333370	-0.02301543
-189.50000036	-0.01458057
-189.46666703	-0.00365188
-189.43333370	0.00869987
-189.40000037	0.02094954
-189.36666703	0.03249384
-189.33333370	0.04167149
-189.30000037	0.04807639
-189.26666703	0.05086396
-189.23333370	0.05015697
-189.20000037	0.04554734
-189.16666703	0.03827022
-189.13333370	0.02871307
-189.10000037	0.01746057
-189.06666704	0.00546169
-189.03333370	-0.00677705
-189.00000037	-0.01823128
-188.96666704	-0.02864086
-188.93333370	-0.03752108
-188.90000037	-0.04466111
-188.86666704	-0.04997909
-188.83333370	-0.05334682
-188.80000037	-0.05490700
-188.76666704	-0.05442810
-188.73333370	-0.05216332
-188.70000037	-0.04799783
-188.66666704	-0.04259893
-188.63333371	-0.03591759
-188.60000037	-0.02842767
-188.56666704	-0.02049369
-188.53333371	-0.01231287
-188.50000037	-0.00448816
-188.46666704	0.00295691
-188.43333371	0.00962198
-188.40000037	0.01475376
-188.36666704	0.01857437
-188.33333371	0.02095246
-188.30000038	0.02224544
-188.26666704	0.02261065
-188.23333371	0.02205768
-188.20000038	0.02100753
-188.16666704	0.01938754
-188.13333371	0.01677440
-188.10000038	0.01350563
-188.06666704	0.00980849
-188.03333371	0.00530448
-188.00000038	0.00024489
-187.96666705	-0.00451967
-187.93333371	-0.00927284
-187.90000038	-0.01337825
-187.86666705	-0.01658335
-187.83333371	-0.01849020
-187.80000038	-0.01904563
-187.76666705	-0.01810738
-187.73333371	-0.01541834
-187.70000038	-0.01115029
-187.66666705	-0.00582192
-187.63333371	0.00029148
-187.60000038	0.00692179
-187.56666705	0.01328924
-187.53333372	0.01884027
-187.50000038	0.02339805
-187.46666705	0.02653424
-187.43333372	0.02781894
-187.40000038	0.02731101
-187.36666705	0.02529578
-187.33333372	0.02191924
-187.30000038	0.01775019
-187.26666705	0.01299689
-187.23333372	0.00805444
-187.20000039	0.00341308
-187.16666705	-0.00083833
-187.13333372	-0.00451251
-187.10000039	-0.00747436
-187.06666705	-0.00991434
-187.03333372	-0.01167137
-187.00000039	-0.01297227
-186.96666705	-0.01377131
-186.93333372	-0.01429590
-186.90000039	-0.01488168
-186.86666706	-0.01500998
-186.83333372	-0.01504226
-186.80000039	-0.01467465
-186.76666706	-0.01422293
-186.73333372	-0.01334810
-186.70000039	-0.01152044
-186.66666706	-0.00946392
-186.63333372	-0.00653531
-186.60000039	-0.00348437
-186.56666706	-0.00048047
-186.53333372	0.00271335
-186.50000039	0.00534101
-186.46666706	0.00768732
-186.43333373	0.00902309
-186.40000039	0.00983355
-186.36666706	0.00903059
-186.33333373	0.00725959
-186.30000039	0.00420176
-186.26666706	0.00043177
-186.23333373	-0.00378580
-186.20000039	-0.00847635
-186.16666706	-0.01286411
-186.13333373	-0.01643454
-186.10000040	-0.01916649
-186.06666706	-0.02038363
-186.03333373	-0.02009720
-186.00000040	-0.01781634
-185.96666706	-0.01368688
-185.93333373	-0.00781549
-185.90000040	-0.00086333
-185.86666706	0.00662759
-185.83333373	0.01393753
-185.80000040	0.02054155
-185.76666707	0.02597419
-185.73333373	0.02942974
-185.70000040	0.03129874
-185.66666707	0.03106554
-185.63333373	0.02918015
-185.60000040	0.02531057
-185.56666707	0.02022229
-185.53333373	0.01425138
-185.50000040	0.00769125
-185.46666707	0.00130954
-185.43333374	-0.00439023
-185.40000040	-0.00895943
-185.36666707	-0.01231056
-185.33333374	-0.01433010
-185.30000040	-0.01548419
-185.26666707	-0.01607514
-185.23333374	-0.01639679
-185.20000040	-0.01641007
-185.16666707	-0.01636481
-185.13333374	-0.01614109
-185.10000040	-0.01587755
-185.06666707	-0.01543194
-185.03333374	-0.01500345
-185.00000041	-0.01469127
-184.96666707	-0.01472006
-184.93333374	-0.01483111
-184.90000041	-0.01479151
-184.86666707	-0.01481553
-184.83333374	-0.01472530
-184.80000041	-0.01421476
-184.76666707	-0.01349795
-184.73333374	-0.01256965
-184.70000041	-0.01143305
-184.66666708	-0.00997027
-184.63333374	-0.00845809
-184.60000041	-0.00642239
-184.56666708	-0.00417874
-184.53333374	-0.00142955
-184.50000041	0.00163252
-184.46666708	0.00500397
-184.43333374	0.00856003
-184.40000041	0.01217413
-184.36666708	0.01559013
-184.33333375	0.01899007
-184.30000041	0.02175336
-184.26666708	0.02377990
-184.23333375	0.02512484
-184.20000041	0.02573575
-184.16666708	0.02487774
-184.13333375	0.02312619
-184.10000041	0.02052172
-184.06666708	0.01732703
-184.03333375	0.01359598
-184.00000041	0.00942059
-183.96666708	0.00516362
-183.93333375	0.00110174
-183.90000042	-0.00312758
-183.86666708	-0.00652755
-183.83333375	-0.00948117
-183.80000042	-0.01202023
-183.76666708	-0.01367800
-183.73333375	-0.01451352
-183.70000042	-0.01485599
-183.66666708	-0.01485273
-183.63333375	-0.01475937
-183.60000042	-0.01452285
-183.56666709	-0.01439564
-183.53333375	-0.01430751
-183.50000042	-0.01438035
-183.46666709	-0.01436614
-183.43333375	-0.01458062
-183.40000042	-0.01487684
-183.36666709	-0.01522934
-183.33333375	-0.01591798
-183.30000042	-0.01610600
-183.26666709	-0.01605652
-183.23333376	-0.01553342
-183.20000042	-0.01417779
-183.16666709	-0.01231789
-183.13333376	-0.00997550
-183.10000042	-0.00746841
-183.06666709	-0.00501743
-183.03333376	-0.00267505
-183.00000042	-0.00078357
-182.96666709	0.00075820
-182.93333376	0.00178799
-182.90000042	0.00241178
-182.86666709	0.00272559
-182.83333376	0.00264469
-182.80000043	0.00242454
-182.76666709	0.00184036
-182.73333376	0.00110082
-182.70000043	0.00027172
-182.66666709	-0.00045651
-182.63333376	-0.00073546
-182.60000043	-0.00065379
-182.56666709	0.00018924
-182.53333376	0.00157665
-182.50000043	0.00333897
-182.46666710	0.00538414
-182.43333376	0.00760923
-182.40000043	0.00989928
-182.36666710	0.01169322
-182.33333376	0.01316701
-182.30000043	0.01392220
-182.26666710	0.01409997
-182.23333376	0.01360374
-182.20000043	0.01243797
-182.16666710	0.01071766
-182.13333377	0.00825316
-182.10000043	0.00505799
-182.06666710	0.00173051
-182.03333377	-0.00200274
-182.00000043	-0.00557086
-181.96666710	-0.00866264
-181.93333377	-0.01119991
-181.90000043	-0.01257688
-181.86666710	-0.01291610
-181.83333377	-0.01253925
-181.80000044	-0.01118129
-181.76666710	-0.00971785
-181.73333377	-0.00760510
-181.70000044	-0.00590191
-181.66666710	-0.00452713
-181.63333377	-0.00384935
-181.60000044	-0.00386010
-181.56666710	-0.00458622
-181.53333377	-0.00604911
-181.50000044	-0.00802408
-181.46666710	-0.01086684
-181.43333377	-0.01369336
-181.40000044	-0.01638141
-181.36666711	-0.01881984
-181.33333377	-0.02064277
-181.30000044	-0.02160467
-181.26666711	-0.02139905
-181.23333377	-0.02016977
-181.20000044	-0.01770486
-181.16666711	-0.01451465
-181.13333377	-0.01030809
-181.10000044	-0.00585250
-181.06666711	-0.00130263
-181.03333378	0.00315703
-181.00000044	0.00742493
-180.96666711	0.01111240
-180.93333378	0.01444129
-180.90000044	0.01719682
-180.86666711	0.01968064
-180.83333378	0.02207442
-180.80000044	0.02414386
-180.76666711	0.02606342
-180.73333378	0.02752856
-180.70000045	0.02864948
-180.66666711	0.02928722
-180.63333378	0.02907571
-180.60000045	0.02802989
-180.56666711	0.02573848
-180.53333378	0.02229538
-180.50000045	0.01808920
-180.46666711	0.01272817
-180.43333378	0.00736561
-180.40000045	0.00204299
-180.36666711	-0.00267571
-180.33333378	-0.00621717
-180.30000045	-0.00871453
-180.26666712	-0.00960974
-180.23333378	-0.00899360
-180.20000045	-0.00666663
-180.16666712	-0.00355903
-180.13333378	0.00008771
-180.10000045	0.00398564
-180.06666712	0.00691340
-180.03333378	0.00886651
-180.00000045	0.00918363
-179.96666712	0.00811499
-179.93333379	0.00564951
-179.90000045	0.00217995
-179.86666712	-0.00194655
-179.83333379	-0.00588746
-179.80000045	-0.00992995
-179.76666712	-0.01344119
-179.73333379	-0.01611905
-179.70000045	-0.01790070
-179.66666712	-0.01905150
-179.63333379	-0.01934704
-179.60000046	-0.01904330
-179.56666712	-0.01853598
-179.53333379	-0.01770649
-179.50000046	-0.01685042
-179.46666712	-0.01591569
-179.43333379	-0.01482150
-179.40000046	-0.01347168
-179.36666712	-0.01191420
-179.33333379	-0.00998298
-179.30000046	-0.00744212
-179.26666712	-0.00462790
-179.23333379	-0.00117543
-179.20000046	0.00254458
-179.16666713	0.00672990
-179.13333379	0.01116748
-179.10000046	0.01575527
-179.06666713	0.02006102
-179.03333379	0.02443719
-179.00000046	0.02815327
-178.96666713	0.03107506
-178.93333379	0.03298532
-178.90000046	0.03376568
-178.86666713	0.03346870
-178.83333380	0.03174464
-178.80000046	0.02924332
-178.76666713	0.02553016
-178.73333380	0.02112580
-178.70000046	0.01618117
-178.66666713	0.01079295
-178.63333380	0.00559906
-178.60000046	0.00073918
-178.56666713	-0.00337635
-178.53333380	-0.00682668
-178.50000047	-0.00919539
-178.46666713	-0.01066975
-178.43333380	-0.01121863
-178.40000047	-0.01053858
-178.36666713	-0.00930006
-178.33333380	-0.00751422
-178.30000047	-0.00522638
-178.26666713	-0.00279171
-178.23333380	-0.00025958
-178.20000047	0.00199096
-178.16666714	0.00385376
-178.13333380	0.00548945
-178.10000047	0.00620397
-178.06666714	0.00677856
-178.03333380	0.00706073
-178.00000047	0.00656588
-177.96666714	0.00588448
-177.93333380	0.00494650
-177.90000047	0.00347215
-177.86666714	0.00171932
-177.83333380	-0.00102010
-177.80000047	-0.00401505
-177.76666714	-0.00747475
-177.73333381	-0.01084927
-177.70000047	-0.01404965
-177.66666714	-0.01688435
-177.63333381	-0.01876558
-177.60000047	-0.02020340
-177.56666714	-0.02038081
-177.53333381	-0.01888377
-177.50000047	-0.01593082
-177.46666714	-0.01157299
-177.43333381	-0.00570658
-177.40000048	0.00114060
-177.36666714	0.00837709
-177.33333381	0.01569330
-177.30000048	0.02203969
-177.26666714	0.02730474
-177.23333381	0.03062709
-177.20000048	0.03215759
-177.16666714	0.03183318
-177.13333381	0.02952685
-177.10000048	0.02563276
-177.06666715	0.02036290
-177.03333381	0.01400907
-177.00000048	0.00736272
-176.96666715	0.00044073
-176.93333381	-0.00568981
-176.90000048	-0.01120246
-176.86666715	-0.01553999
-176.83333381	-0.01836275
-176.80000048	-0.01970242
-176.76666715	-0.01947349
-176.73333381	-0.01803012
-176.70000048	-0.01529739
-176.66666715	-0.01168340
-176.63333382	-0.00709772
-176.60000048	-0.00224069
-176.56666715	0.00265981
-176.53333382	0.00747411
-176.50000048	0.01195581
-176.46666715	0.01548311
-176.43333382	0.01806196
-176.40000048	0.01938313
-176.36666715	0.01954142
-176.33333382	0.01844465
-176.30000049	0.01610721
-176.26666715	0.01299688
-176.23333382	0.00909597
-176.20000049	0.00462663
-176.16666715	-0.00011737
-176.13333382	-0.00485556
-176.10000049	-0.00909152
-176.06666715	-0.01333172
-176.03333382	-0.01683828
-176.00000049	-0.01985364
-175.96666716	-0.02263878
-175.93333382	-0.02469383
-175.90000049	-0.02635567
-175.86666716	-0.02737499
-175.83333382	-0.02764922
-175.80000049	-0.02708484
-175.76666716	-0.02555581
-175.73333382	-0.02314448
-175.70000049	-0.01976730
-175.66666716	-0.01593995
-175.63333382	-0.01184345
-175.60000049	-0.00770891
-175.56666716	-0.00353659
-175.53333383	0.00005188
-175.50000049	0.00344084
-175.46666716	0.00619425
-175.43333383	0.00841942
-175.40000049	0.01008046
-175.36666716	0.01109482
-175.33333383	0.01156336
-175.30000049	0.01208128
-175.26666716	0.01164468
-175.23333383	0.01130387
-175.20000050	0.01076934
-175.16666716	0.01032678
-175.13333383	0.00959491
-175.10000050	0.00843071
-175.06666716	0.00727627
-175.03333383	0.00599186
-175.00000050	0.00431169
-174.96666716	0.00303446
-174.93333383	0.00168742
-174.90000050	0.00056112
-174.86666717	0.00000212
-174.83333383	-0.00066009
-174.80000050	-0.00069985
-174.76666717	-0.00082832
-174.73333383	-0.00099976
-174.70000050	-0.00123160
-174.66666717	-0.00164296
-174.63333383	-0.00193797
-174.60000050	-0.00237616
-174.56666717	-0.00266876
-174.53333383	-0.00336281
-174.50000050	-0.00412944
-174.46666717	-0.00500756
-174.43333384	-0.00633663
-174.40000050	-0.00759774
-174.36666717	-0.00888364
-174.33333384	-0.01032419
-174.30000050	-0.01159325
-174.26666717	-0.01286284
-174.23333384	-0.01406672
-174.20000050	-0.01508220
-174.16666717	-0.01584081
-174.13333384	-0.01638807
-174.10000051	-0.01604154
-174.06666717	-0.01508466
-174.03333384	-0.01350574
-174.00000051	-0.01088916
-173.96666717	-0.00736719
-173.93333384	-0.00355753
-173.90000051	0.00102922
-173.86666717	0.00627999
-173.83333384	0.01148411
-173.80000051	0.01687011
-173.76666718	0.02160998
-173.73333384	0.02560933
-173.70000051	0.02890932
-173.66666718	0.03096794
-173.63333384	0.03183796
-173.60000051	0.03146028
-173.56666718	0.03045221
-173.53333384	0.02836382
-173.50000051	0.02612106
-173.46666718	0.02346098
-173.43333385	0.02038809
-173.40000051	0.01776553
-173.36666718	0.01515785
-173.33333385	0.01267719
-173.30000051	0.01087019
-173.26666718	0.00932019
-173.23333385	0.00836104
-173.20000051	0.00778789
-173.16666718	0.00772133
-173.13333385	0.00789830
-173.10000051	0.00806942
-173.06666718	0.00832577
-173.03333385	0.00859165
-173.00000052	0.00867207
-172.96666718	0.00853071
-172.93333385	0.00813909
-172.90000052	0.00735007
-172.86666718	0.00608459
-172.83333385	0.00366585
-172.80000052	0.00126177
-172.76666718	-0.00192046
-172.73333385	-0.00502365
-172.70000052	-0.00837171
-172.66666719	-0.01128693
-172.63333385	-0.01349586
-172.60000052	-0.01521831
-172.56666719	-0.01595383
-172.53333385	-0.01537356
-172.50000052	-0.01425131
-172.46666719	-0.01188231
-172.43333385	-0.00945486
-172.40000052	-0.00640941
-172.36666719	-0.00352043
-172.33333386	-0.00104499
-172.30000052	0.00060148
-172.26666719	0.00156715
-172.23333386	0.00172961
-172.20000052	0.00128235
-172.16666719	0.00024945
-172.13333386	-0.00114368
-172.10000052	-0.00260637
-172.06666719	-0.00398982
-172.03333386	-0.00491870
-172.00000052	-0.00541764
-171.96666719	-0.00540619
-171.93333386	-0.00488890
-171.90000053	-0.00411137
-171.86666719	-0.00297799
-171.83333386	-0.00193349
-171.80000053	-0.00073626
-171.76666719	0.00035471
-171.73333386	0.00125846
-171.70000053	0.00197486
-171.66666719	0.00239559
-171.63333386	0.00271338
-171.60000053	0.00276860
-171.56666720	0.00274449
-171.53333386	0.00298874
-171.50000053	0.00297520
-171.46666720	0.00311075
-171.43333386	0.00287631
-171.40000053	0.00308226
-171.36666720	0.00287656
-171.33333386	0.00254249
-171.30000053	0.00206921
-171.26666720	0.00151223
-171.23333387	0.00099437
-171.20000053	0.00044273
-171.16666720	0.00009332
-171.13333387	-0.00010698
-171.10000053	-0.00021471
-171.06666720	-0.00018573
-171.03333387	-0.00015996
-171.00000053	-0.00031480
-170.96666720	-0.00070282
-170.93333387	-0.00138997
-170.90000053	-0.00255709
-170.86666720	-0.00397888
-170.83333387	-0.00576845
-170.80000054	-0.00795262
-170.76666720	-0.01026952
-170.73333387	-0.01277330
-170.70000054	-0.01503362
-170.66666720	-0.01734626
-170.63333387	-0.01969527
-170.60000054	-0.02183446
-170.56666720	-0.02375106
-170.53333387	-0.02503676
-170.50000054	-0.02598916
-170.46666721	-0.02641387
-170.43333387	-0.02632220
-170.40000054	-0.02552879
-170.36666721	-0.02405329
-170.33333387	-0.02208514
-170.30000054	-0.01935842
-170.26666721	-0.01606389
-170.23333387	-0.01237864
-170.20000054	-0.00869343
-170.16666721	-0.00452597
-170.13333388	-0.00065954
-170.10000054	0.00298112
-170.06666721	0.00613813
-170.03333388	0.00925834
-170.00000054	0.01134203
-169.96666721	0.01286018
-169.93333388	0.01380313
-169.90000054	0.01423703
-169.86666721	0.01404819
-169.83333388	0.01365076
-169.80000055	0.01286512
-169.76666721	0.01210822
-169.73333388	0.01147958
-169.70000055	0.01089126
-169.66666721	0.01040139
-169.63333388	0.01032649
-169.60000055	0.01014554
-169.56666721	0.01017467
-169.53333388	0.01045743
-169.50000055	0.01074399
-169.46666721	0.01095740
-169.43333388	0.01120106
-169.40000055	0.01128448
-169.36666722	0.01103805
-169.33333388	0.01048742
-169.30000055	0.00949169
-169.26666722	0.00831797
-169.23333388	0.00673739
-169.20000055	0.00513659
-169.16666722	0.00353992
-169.13333388	0.00206648
-169.10000055	0.00075063
-169.06666722	-0.00035602
-169.03333389	-0.00136546
-169.00000055	-0.00156497
-168.96666722	-0.00139983
-168.93333389	-0.00050357
-168.90000055	0.00049265
-168.86666722	0.00184301
-168.83333389	0.00340890
-168.80000055	0.00490809
-168.76666722	0.00618642
-168.73333389	0.00732310
-168.70000056	0.00791350
-168.66666722	0.00831378
-168.63333389	0.00861650
-168.60000056	0.00883625
-168.56666722	0.00859326
-168.53333389	0.00848388
-168.50000056	0.00858418
-168.46666722	0.00887690
-168.43333389	0.00960339
-168.40000056	0.01049490
-168.36666722	0.01172112
-168.33333389	0.01349403
-168.30000056	0.01520229
-168.26666723	0.01688565
-168.23333389	0.01891547
-168.20000056	0.02070428
-168.16666723	0.02199161
-168.13333389	0.02324484
-168.10000056	0.02373537
-168.06666723	0.02357703
-168.03333389	0.02239541
-168.00000056	0.02035124
-167.96666723	0.01784525
-167.93333390	0.01421652
-167.90000056	0.01033338
-167.86666723	0.00581784
-167.83333390	0.00136553
-167.80000056	-0.00333531
-167.76666723	-0.00769997
-167.73333390	-0.01149611
-167.70000056	-0.01474905
-167.66666723	-0.01747252
-167.63333390	-0.01941787
-167.60000057	-0.02104931
-167.56666723	-0.02176512
-167.53333390	-0.02224990
-167.50000057	-0.02252475
-167.46666723	-0.02253369
-167.43333390	-0.02271724
-167.40000057	-0.02316561
-167.36666723	-0.02409935
-167.33333390	-0.02492566
-167.30000057	-0.02631433
-167.26666723	-0.02787760
-167.23333390	-0.02915782
-167.20000057	-0.03088350
-167.16666724	-0.03236472
-167.13333390	-0.03374891
-167.10000057	-0.03502782
-167.06666724	-0.03622986
-167.03333390	-0.03707513
-167.00000057	-0.03784954
-166.96666724	-0.03845560
-166.93333390	-0.03881433
-166.90000057	-0.03926760
-166.86666724	-0.03944129
-166.83333391	-0.03978076
-166.80000057	-0.03976309
-166.76666724	-0.03991592
-166.73333391	-0.04023861
-166.70000057	-0.04048014
-166.66666724	-0.04069581
-166.63333391	-0.04067185
-166.60000057	-0.04045313
-166.56666724	-0.04000788
-166.53333391	-0.03928918
-166.50000058	-0.03828414
-166.46666724	-0.03693326
-166.43333391	-0.03546629
-166.40000058	-0.03356879
-166.36666724	-0.03145932
-166.33333391	-0.02895963
-166.30000058	-0.02640046
-166.26666724	-0.02342137
-166.23333391	-0.02036308
-166.20000058	-0.01714162
-166.16666725	-0.01387264
-166.13333391	-0.01043526
-166.10000058	-0.00731872
-166.06666725	-0.00452166
-166.03333391	-0.00225792
-166.00000058	-0.00072640
-165.96666725	0.00045350
-165.93333391	0.00082643
-165.90000058	0.00068740
-165.86666725	0.00005045
-165.83333391	-0.00108690
-165.80000058	-0.00231622
-165.76666725	-0.00350234
-165.73333392	-0.00466638
-165.70000058	-0.00569550
-165.66666725	-0.00633441
-165.63333392	-0.00688668
-165.60000058	-0.00687755
-165.56666725	-0.00647184
-165.53333392	-0.00600678
-165.50000058	-0.00531829
-165.46666725	-0.00446263
-165.43333392	-0.00345027
-165.40000059	-0.00210301
-165.36666725	-0.00033089
-165.33333392	0.00177446
-165.30000059	0.00443280
-165.26666725	0.00766024
-165.23333392	0.01103427
-165.20000059	0.01473538
-165.16666725	0.01779721
-165.13333392	0.02086491
-165.10000059	0.02331578
-165.06666726	0.02467304
-165.03333392	0.02541816
-165.00000059	0.02488065
-164.96666726	0.02372825
-164.93333392	0.02167714
-164.90000059	0.01964966
-164.86666726	0.01772908
-164.83333392	0.01597569
-164.80000059	0.01493634
-164.76666726	0.01502487
-164.73333392	0.01619320
-164.70000059	0.01824447
-164.66666726	0.02115086
-164.63333393	0.02508323
-164.60000059	0.02954513
-164.56666726	0.03440682
-164.53333393	0.03889724
-164.50000059	0.04311500
-164.46666726	0.04668261
-164.43333393	0.04945601
-164.40000059	0.05105480
-164.36666726	0.05139257
-164.33333393	0.05020774
-164.30000060	0.04786944
-164.26666726	0.04463881
-164.23333393	0.04016427
-164.20000060	0.03529884
-164.16666726	0.03018772
-164.13333393	0.02487252
-164.10000060	0.01953695
-164.06666726	0.01454095
-164.03333393	0.00992643
-164.00000060	0.00593140
-163.96666727	0.00244007
-163.93333393	-0.00033686
-163.90000060	-0.00252052
-163.86666727	-0.00403343
-163.83333393	-0.00527251
-163.80000060	-0.00647301
-163.76666727	-0.00742914
-163.73333393	-0.00821848
-163.70000060	-0.00909883
-163.66666727	-0.00941875
-163.63333393	-0.00960012
-163.60000060	-0.00929354
-163.56666727	-0.00869599
-163.53333394	-0.00744044
-163.50000060	-0.00597810
-163.46666727	-0.00416461
-163.43333394	-0.00236392
-163.40000060	-0.00062608
-163.36666727	0.00059836
-163.33333394	0.00155415
-163.30000060	0.00207491
-163.26666727	0.00189249
-163.23333394	0.00136641
-163.20000061	0.00055550
-163.16666727	-0.00025250
-163.13333394	-0.00114744
-163.10000061	-0.00219256
-163.06666727	-0.00276074
-163.03333394	-0.00283595
-163.00000061	-0.00270162
-162.96666727	-0.00209013
-162.93333394	-0.00110759
-162.90000061	0.00022273
-162.86666728	0.00201813
-162.83333394	0.00394150
-162.80000061	0.00602503
-162.76666728	0.00847989
-162.73333394	0.01061022
-162.70000061	0.01264935
-162.66666728	0.01459899
-162.63333394	0.01588029
-162.60000061	0.01689429
-162.56666728	0.01751557
-162.53333394	0.01738913
-162.50000061	0.01693986
-162.46666728	0.01573050
-162.43333395	0.01422389
-162.40000061	0.01212920
-162.36666728	0.00960215
-162.33333395	0.00716398
-162.30000061	0.00447765
-162.26666728	0.00212743
-162.23333395	0.00007698
-162.20000061	-0.00133770
-162.16666728	-0.00211621
-162.13333395	-0.00221745
-162.10000062	-0.00160220
-162.06666728	-0.00060755
-162.03333395	0.00107690
-162.00000062	0.00341583
-161.96666728	0.00629673
-161.93333395	0.00927192
-161.90000062	0.01264248
-161.86666728	0.01629312
-161.83333395	0.01936212
-161.80000062	0.02216713
-161.76666729	0.02432876
-161.73333395	0.02568946
-161.70000062	0.02623351
-161.66666729	0.02600302
-161.63333395	0.02485903
-161.60000062	0.02313380
-161.56666729	0.02065549
-161.53333395	0.01775402
-161.50000062	0.01400723
-161.46666729	0.01035485
-161.43333396	0.00669033
-161.40000062	0.00314577
-161.36666729	0.00022714
-161.33333396	-0.00211440
-161.30000062	-0.00323228
-161.26666729	-0.00354777
-161.23333396	-0.00285760
-161.20000062	-0.00143630
-161.16666729	0.00099118
-161.13333396	0.00365921
-161.10000062	0.00749610
-161.06666729	0.01128878
-161.03333396	0.01517579
-161.00000063	0.01897618
-160.96666729	0.02235067
-160.93333396	0.02505707
-160.90000063	0.02705875
-160.86666729	0.02816949
-160.83333396	0.02848250
-160.80000063	0.02773698
-160.76666729	0.02625861
-160.73333396	0.02395897
-160.70000063	0.02099033
-160.66666730	0.01746405
-160.63333396	0.01376549
-160.60000063	0.01032977
-160.56666730	0.00722031
-160.53333396	0.00439666
-160.50000063	0.00250044
-160.46666730	0.00130249
-160.43333396	0.00085233
-160.40000063	0.00142466
-160.36666730	0.00275040
-160.33333397	0.00478175
-160.30000063	0.00741547
-160.26666730	0.01025093
-160.23333397	0.01310718
-160.20000063	0.01546418
-160.16666730	0.01733830
-160.13333397	0.01849030
-160.10000063	0.01862314
-160.06666730	0.01811928
-160.03333397	0.01697488
-160.00000063	0.01494966
-159.96666730	0.01250791
-159.93333397	0.00946982
-159.90000064	0.00587645
-159.86666730	0.00242804
-159.83333397	-0.00069707
-159.80000064	-0.00386633
-159.76666730	-0.00673327
-159.73333397	-0.00890423
-159.70000064	-0.01070362
-159.66666730	-0.01206931
-159.63333397	-0.01296494
-159.60000064	-0.01363897
-159.56666731	-0.01352063
-159.53333397	-0.01303111
-159.50000064	-0.01218793
-159.46666731	-0.01062680
-159.43333397	-0.00888778
-159.40000064	-0.00677899
-159.36666731	-0.00459236
-159.33333397	-0.00212107
-159.30000064	0.00037589
-159.26666731	0.00266036
-159.23333398	0.00456272
-159.20000064	0.00616997
-159.16666731	0.00752930
-159.13333398	0.00809422
-159.10000064	0.00832763
-159.06666731	0.00815984
-159.03333398	0.00756369
-159.00000064	0.00646646
-158.96666731	0.00494833
-158.93333398	0.00317915
-158.90000064	0.00133345
-158.86666731	-0.00063362
-158.83333398	-0.00296036
-158.80000065	-0.00505314
-158.76666731	-0.00711641
-158.73333398	-0.00915116
-158.70000065	-0.01115294
-158.66666731	-0.01262611
-158.63333398	-0.01403958
-158.60000065	-0.01505133
-158.56666731	-0.01561021
-158.53333398	-0.01572850
-158.50000065	-0.01534252
-158.46666732	-0.01467157
-158.43333398	-0.01362907
-158.40000065	-0.01227791
-158.36666732	-0.01063564
-158.33333398	-0.00908481
-158.30000065	-0.00765340
-158.26666732	-0.00610447
-158.23333398	-0.00448657
-158.20000065	-0.00307064
-158.16666732	-0.00185004
-158.13333399	-0.00064857
-158.10000065	0.00016001
-158.06666732	0.00086583
-158.03333399	0.00127138
-158.00000065	0.00179432
-157.96666732	0.00157673
-157.93333399	0.00162874
-157.90000065	0.00121923
-157.86666732	0.00104218
-157.83333399	0.00048432
-157.80000066	0.00027210
-157.76666732	0.00002939
-157.73333399	-0.00006892
-157.70000066	0.00012822
-157.66666732	0.00045982
-157.63333399	0.00122970
-157.60000066	0.00209396
-157.56666732	0.00327598
-157.53333399	0.00440875
-157.50000066	0.00529556
-157.46666732	0.00602129
-157.43333399	0.00635854
-157.40000066	0.00623603
-157.36666733	0.00567284
-157.33333399	0.00473774
-157.30000066	0.00355798
-157.26666733	0.00225626
-157.23333399	0.00081811
-157.20000066	-0.00072216
-157.16666733	-0.00204676
-157.13333399	-0.00339698
-157.10000066	-0.00461076
-157.06666733	-0.00521579
-157.03333400	-0.00536655
-157.00000066	-0.00550365
-156.96666733	-0.00532557
-156.93333400	-0.00480547
-156.90000066	-0.00418165
-156.86666733	-0.00334412
-156.83333400	-0.00231328
-156.80000066	-0.00136247
-156.76666733	-0.00020352
-156.73333400	0.00076355
-156.70000067	0.00161953
-156.66666733	0.00236966
-156.63333400	0.00259077
-156.60000067	0.00266978
-156.56666733	0.00256380
-156.53333400	0.00209733
-156.50000067	0.00170014
-156.46666733	0.00127964
-156.43333400	0.00105029
-156.40000067	0.00095979
-156.36666733	0.00104650
-156.33333400	0.00171230
-156.30000067	0.00284481
-156.26666734	0.00414444
-156.23333400	0.00567255
-156.20000067	0.00728636
-156.16666734	0.00854924
-156.13333400	0.00946533
-156.10000067	0.01007435
-156.06666734	0.00984274
-156.03333400	0.00918425
-156.00000067	0.00806648
-155.96666734	0.00622426
-155.93333401	0.00387776
-155.90000067	0.00135810
-155.86666734	-0.00158367
-155.83333401	-0.00482923
-155.80000067	-0.00803254
-155.76666734	-0.01099681
-155.73333401	-0.01403302
-155.70000067	-0.01664003
-155.66666734	-0.01893744
-155.63333401	-0.02080983
-155.60000068	-0.02239058
-155.56666734	-0.02345465
-155.53333401	-0.02391903
-155.50000068	-0.02406971
-155.46666734	-0.02369948
-155.43333401	-0.02279889
-155.40000068	-0.02149449
-155.36666734	-0.01971449
-155.33333401	-0.01771364
-155.30000068	-0.01596082
-155.26666734	-0.01393758
-155.23333401	-0.01173060
-155.20000068	-0.00974903
-155.16666735	-0.00801864
-155.13333401	-0.00643261
-155.10000068	-0.00495071
-155.06666735	-0.00376182
-155.03333401	-0.00264975
-155.00000068	-0.00143763
-154.96666735	-0.00073948
-154.93333401	-0.00010190
-154.90000068	0.00053120
-154.86666735	0.00095983
-154.83333402	0.00143571
-154.80000068	0.00206394
-154.76666735	0.00260522
-154.73333402	0.00316357
-154.70000068	0.00390726
-154.66666735	0.00417895
-154.63333402	0.00440694
-154.60000068	0.00455208
-154.56666735	0.00439208
-154.53333402	0.00401635
-154.50000069	0.00336154
-154.46666735	0.00252815
-154.43333402	0.00140718
-154.40000069	-0.00015085
-154.36666735	-0.00200237
-154.33333402	-0.00387305
-154.30000069	-0.00587615
-154.26666735	-0.00790362
-154.23333402	-0.00979728
-154.20000069	-0.01160245
-154.16666736	-0.01345215
-154.13333402	-0.01488588
-154.10000069	-0.01603553
-154.06666736	-0.01659493
-154.03333402	-0.01659071
-154.00000069	-0.01602771
-153.96666736	-0.01490517
-153.93333402	-0.01340383
-153.90000069	-0.01155019
-153.86666736	-0.00937875
-153.83333402	-0.00695379
-153.80000069	-0.00459056
-153.76666736	-0.00214238
-153.73333403	0.00017313
-153.70000069	0.00228743
-153.66666736	0.00417267
-153.63333403	0.00557860
-153.60000069	0.00643189
-153.56666736	0.00702459
-153.53333403	0.00703565
-153.50000069	0.00707079
-153.46666736	0.00678094
-153.43333403	0.00654335
-153.40000070	0.00633865
-153.36666736	0.00607864
-153.33333403	0.00597930
-153.30000070	0.00618921
-153.26666736	0.00647812
-153.23333403	0.00688529
-153.20000070	0.00756905
-153.16666736	0.00851236
-153.13333403	0.00927802
-153.10000070	0.01062610
-153.06666737	0.01139373
-153.03333403	0.01242559
-153.00000070	0.01321228
-152.96666737	0.01370518
-152.93333403	0.01375222
-152.90000070	0.01369802
-152.86666737	0.01326740
-152.83333403	0.01261628
-152.80000070	0.01146073
-152.76666737	0.01027215
-152.73333403	0.00868254
-152.70000070	0.00721005
-152.66666737	0.00534617
-152.63333404	0.00323346
-152.60000070	0.00105169
-152.56666737	-0.00124288
-152.53333404	-0.00406249
-152.50000070	-0.00669996
-152.46666737	-0.00956934
-152.43333404	-0.01244423
-152.40000070	-0.01531719
-152.36666737	-0.01797013
-152.33333404	-0.02038714
-152.30000071	-0.02199405
-152.26666737	-0.02315115
-152.23333404	-0.02337674
-152.20000071	-0.02301209
-152.16666737	-0.02154355
-152.13333404	-0.01928620
-152.10000071	-0.01602472
-152.06666737	-0.01201599
-152.03333404	-0.00739672
-152.00000071	-0.00240535
-151.96666738	0.00299490
-151.93333404	0.00810483
-151.90000071	0.01284764
-151.86666738	0.01691068
-151.83333404	0.02024567
-151.80000071	0.02246954
-151.76666738	0.02365753
-151.73333404	0.02383341
-151.70000071	0.02292595
-151.66666738	0.02099881
-151.63333404	0.01796378
-151.60000071	0.01440490
-151.56666738	0.01035466
-151.53333405	0.00637550
-151.50000071	0.00244683
-151.46666738	-0.00087785
-151.43333405	-0.00373805
-151.40000071	-0.00556635
-151.36666738	-0.00670551
-151.33333405	-0.00667899
-151.30000071	-0.00615788
-151.26666738	-0.00489858
-151.23333405	-0.00320802
-151.20000072	-0.00144983
-151.16666738	0.00034006
-151.13333405	0.00184573
-151.10000072	0.00316829
-151.06666738	0.00423501
-151.03333405	0.00489837
-151.00000072	0.00503021
-150.96666738	0.00459878
-150.93333405	0.00406970
-150.90000072	0.00330345
-150.86666739	0.00245880
-150.83333405	0.00154194
-150.80000072	0.00081153
-150.76666739	0.00036854
-150.73333405	0.00011953
-150.70000072	-0.00013019
-150.66666739	0.00000347
-150.63333405	0.00014292
-150.60000072	0.00010600
-150.56666739	-0.00014512
-150.53333405	-0.00014666
-150.50000072	0.00002061
-150.46666739	-0.00003915
-150.43333406	0.00033608
-150.40000072	0.00083252
-150.36666739	0.00129223
-150.33333406	0.00196849
-150.30000072	0.00257787
-150.26666739	0.00353245
-150.23333406	0.00431742
-150.20000072	0.00541133
-150.16666739	0.00627830
-150.13333406	0.00718618
-150.10000073	0.00801827
-150.06666739	0.00872792
-150.03333406	0.00912837
-150.00000073	0.00932799
-149.96666739	0.00888418
-149.93333406	0.00815954
-149.90000073	0.00708114
-149.86666739	0.00559801
-149.83333406	0.00369820
-149.80000073	0.00176547
-149.76666740	-0.00013796
-149.73333406	-0.00189355
-149.70000073	-0.00357309
-149.66666740	-0.00467274
-149.63333406	-0.00566584
-149.60000073	-0.00641076
-149.56666740	-0.00692596
-149.53333406	-0.00663974
-149.50000073	-0.00605115
-149.46666740	-0.00521026
-149.43333407	-0.00411252
-149.40000073	-0.00283784
-149.36666740	-0.00152439
-149.33333407	-0.00017806
-149.30000073	0.00078466
-149.26666740	0.00178097
-149.23333407	0.00248679
-149.20000073	0.00323176
-149.16666740	0.00394166
-149.13333407	0.00423597
-149.10000073	0.00441995
-149.06666740	0.00414018
-149.03333407	0.00360437
-149.00000074	0.00265314
-148.96666740	0.00155989
-148.93333407	0.00009193
-148.90000074	-0.00162138
-148.86666740	-0.00362041
-148.83333407	-0.00589707
-148.80000074	-0.00811471
-148.76666740	-0.01034387
-148.73333407	-0.01243222
-148.70000074	-0.01423460
-148.66666741	-0.01531459
-148.63333407	-0.01608879
-148.60000074	-0.01585272
-148.56666741	-0.01520743
-148.53333407	-0.01361790
-148.50000074	-0.01153789
-148.46666741	-0.00903803
-148.43333407	-0.00609493
-148.40000074	-0.00328391
-148.36666741	-0.00052637
-148.33333408	0.00194337
-148.30000074	0.00380885
-148.26666741	0.00516930
-148.23333408	0.00616698
-148.20000074	0.00667796
-148.16666741	0.00632002
-148.13333408	0.00569184
-148.10000074	0.00468628
-148.06666741	0.00336446
-148.03333408	0.00181183
-148.00000074	0.00050174
-147.96666741	-0.00095893
-147.93333408	-0.00217258
-147.90000075	-0.00340730
-147.86666741	-0.00456087
-147.83333408	-0.00567419
-147.80000075	-0.00693268
-147.76666741	-0.00808717
-147.73333408	-0.00920481
-147.70000075	-0.01064995
-147.66666741	-0.01195675
-147.63333408	-0.01312847
-147.60000075	-0.01462615
-147.56666742	-0.01565499
-147.53333408	-0.01685758
-147.50000075	-0.01724624
-147.46666742	-0.01729878
-147.43333408	-0.01707405
-147.40000075	-0.01603985
-147.36666742	-0.01484427
-147.33333408	-0.01294911
-147.30000075	-0.01114878
-147.26666742	-0.00933504
-147.23333409	-0.00738209
-147.20000075	-0.00555448
-147.16666742	-0.00405163
-147.13333409	-0.00290533
-147.10000075	-0.00204169
-147.06666742	-0.00156385
-147.03333409	-0.00134597
-147.00000075	-0.00150000
-146.96666742	-0.00219556
-146.93333409	-0.00284985
-146.90000075	-0.00382742
-146.86666742	-0.00484813
-146.83333409	-0.00619196
-146.80000076	-0.00767009
-146.76666742	-0.00895694
-146.73333409	-0.01017221
-146.70000076	-0.01134800
-146.66666742	-0.01229078
-146.63333409	-0.01291646
-146.60000076	-0.01330794
-146.56666742	-0.01339070
-146.53333409	-0.01313396
-146.50000076	-0.01262432
-146.46666743	-0.01164726
-146.43333409	-0.01064389
-146.40000076	-0.00933079
-146.36666743	-0.00794604
-146.33333409	-0.00652957
-146.30000076	-0.00499353
-146.26666743	-0.00393503
-146.23333409	-0.00299672
-146.20000076	-0.00257869
-146.16666743	-0.00224979
-146.13333410	-0.00221783
-146.10000076	-0.00257826
-146.06666743	-0.00318643
-146.03333410	-0.00398490
-146.00000076	-0.00481282
-145.96666743	-0.00590878
-145.93333410	-0.00679294
-145.90000076	-0.00807240
-145.86666743	-0.00891208
-145.83333410	-0.01008489
-145.80000077	-0.01082838
-145.76666743	-0.01144022
-145.73333410	-0.01173428
-145.70000077	-0.01217651
-145.66666743	-0.01232116
-145.63333410	-0.01217982
-145.60000077	-0.01197995
-145.56666743	-0.01173778
-145.53333410	-0.01126343
-145.50000077	-0.01071602
-145.46666743	-0.00991935
-145.43333410	-0.00958197
-145.40000077	-0.00906847
-145.36666744	-0.00872747
-145.33333410	-0.00855520
-145.30000077	-0.00861116
-145.26666744	-0.00891315
-145.23333410	-0.00905547
-145.20000077	-0.00947990
-145.16666744	-0.00972947
-145.13333410	-0.00961773
-145.10000077	-0.00954965
-145.06666744	-0.00921390
-145.03333411	-0.00855514
-145.00000077	-0.00763804
-144.96666744	-0.00640761
-144.93333411	-0.00481509
-144.90000077	-0.00311534
-144.86666744	-0.00119010
-144.83333411	0.00083771
-144.80000077	0.00294771
-144.76666744	0.00513140
-144.73333411	0.00702710
-144.70000078	0.00876759
-144.66666744	0.01031836
-144.63333411	0.01158828
-144.60000078	0.01215865
-144.56666744	0.01249613
-144.53333411	0.01240879
-144.50000078	0.01177521
-144.46666744	0.01066893
-144.43333411	0.00896830
-144.40000078	0.00691618
-144.36666744	0.00470674
-144.33333411	0.00200491
-144.30000078	-0.00084655
-144.26666745	-0.00337315
-144.23333411	-0.00567149
-144.20000078	-0.00808276
-144.16666745	-0.00974583
-144.13333411	-0.01071840
-144.10000078	-0.01156474
-144.06666745	-0.01164271
-144.03333411	-0.01154004
-144.00000078	-0.01083382
-143.96666745	-0.00986144
-143.93333412	-0.00839027
-143.90000078	-0.00722141
-143.86666745	-0.00578540
-143.83333412	-0.00434565
-143.80000078	-0.00291759
-143.76666745	-0.00180561
-143.73333412	-0.00075519
-143.70000078	-0.00016180
-143.66666745	0.00016872
-143.63333412	0.00035164
-143.60000079	0.00017301
-143.56666745	-0.00019147
-143.53333412	-0.00044661
-143.50000079	-0.00092725
-143.46666745	-0.00129363
-143.43333412	-0.00173896
-143.40000079	-0.00201251
-143.36666745	-0.00216414
-143.33333412	-0.00171265
-143.30000079	-0.00107670
-143.26666745	-0.00027107
-143.23333412	0.00096082
-143.20000079	0.00228920
-143.16666746	0.00369570
-143.13333412	0.00516901
-143.10000079	0.00662022
-143.06666746	0.00786926
-143.03333412	0.00879392
-143.00000079	0.00946382
-142.96666746	0.00979367
-142.93333412	0.00977421
-142.90000079	0.00945784
-142.86666746	0.00886667
-142.83333413	0.00806444
-142.80000079	0.00713553
-142.76666746	0.00591865
-142.73333413	0.00480800
-142.70000079	0.00352183
-142.66666746	0.00221845
-142.63333413	0.00079863
-142.60000079	-0.00026601
-142.56666746	-0.00171552
-142.53333413	-0.00281391
-142.50000080	-0.00392146
-142.46666746	-0.00495658
-142.43333413	-0.00588491
-142.40000080	-0.00663074
-142.36666746	-0.00743745
-142.33333413	-0.00784371
-142.30000080	-0.00832557
-142.26666746	-0.00858234
-142.23333413	-0.00838826
-142.20000080	-0.00803925
-142.16666747	-0.00747049
-142.13333413	-0.00673782
-142.10000080	-0.00594878
-142.06666747	-0.00510287
-142.03333413	-0.00397709
-142.00000080	-0.00343393
-141.96666747	-0.00296530
-141.93333413	-0.00266693
-141.90000080	-0.00240028
-141.86666747	-0.00267772
-141.83333413	-0.00314606
-141.80000080	-0.00365709
-141.76666747	-0.00447733
-141.73333414	-0.00517450
-141.70000080	-0.00634632
-141.66666747	-0.00712771
-141.63333414	-0.00781986
-141.60000080	-0.00861573
-141.56666747	-0.00914944
-141.53333414	-0.00959766
-141.50000080	-0.00941817
-141.46666747	-0.00935944
-141.43333414	-0.00884438
-141.40000081	-0.00819949
-141.36666747	-0.00746373
-141.33333414	-0.00643298
-141.30000081	-0.00536708
-141.26666747	-0.00411288
-141.23333414	-0.00272089
-141.20000081	-0.00134079
-141.16666747	-0.00027754
-141.13333414	0.00090662
-141.10000081	0.00191141
-141.06666748	0.00283541
-141.03333414	0.00349584
-141.00000081	0.00380298
-140.96666748	0.00372606
-140.93333414	0.00367235
-140.90000081	0.00324757
-140.86666748	0.00269822
-140.83333414	0.00225673
-140.80000081	0.00151702
-140.76666748	0.00078298
-140.73333414	0.00013773
-140.70000081	-0.00036754
-140.66666748	-0.00087514
-140.63333415	-0.00120547
-140.60000081	-0.00147173
-140.56666748	-0.00189020
-140.53333415	-0.00214248
-140.50000081	-0.00229718
-140.46666748	-0.00270497
-140.43333415	-0.00327784
-140.40000081	-0.00378966
-140.36666748	-0.00424671
-140.33333415	-0.00465009
-140.30000082	-0.00507220
-140.26666748	-0.00531460
-140.23333415	-0.00538913
-140.20000082	-0.00521846
-140.16666748	-0.00500472
-140.13333415	-0.00482931
-140.10000082	-0.00441776
-140.06666748	-0.00364911
-140.03333415	-0.00335478
-140.00000082	-0.00252108
-139.96666749	-0.00164531
-139.93333415	-0.00097470
-139.90000082	-0.00005923
-139.86666749	0.00082849
-139.83333415	0.00198709
-139.80000082	0.00306603
-139.76666749	0.00410113
-139.73333415	0.00499022
-139.70000082	0.00589361
-139.66666749	0.00691565
-139.63333415	0.00766661
-139.60000082	0.00836999
-139.56666749	0.00879310
-139.53333416	0.00913240
-139.50000082	0.00921290
-139.46666749	0.00886822
-139.43333416	0.00860215
-139.40000082	0.00800049
-139.36666749	0.00738760
-139.33333416	0.00677025
-139.30000082	0.00633273
-139.26666749	0.00579800
-139.23333416	0.00554147
-139.20000083	0.00564304
-139.16666749	0.00545425
-139.13333416	0.00581293
-139.10000083	0.00619091
-139.06666749	0.00643930
-139.03333416	0.00675608
-139.00000083	0.00687925
-138.96666749	0.00707231
-138.93333416	0.00693957
-138.90000083	0.00645608
-138.86666750	0.00604554
-138.83333416	0.00534932
-138.80000083	0.00428254
-138.76666750	0.00318492
-138.73333416	0.00190525
-138.70000083	0.00056076
-138.66666750	-0.00047092
-138.63333416	-0.00169251
-138.60000083	-0.00273108
-138.56666750	-0.00356810
-138.53333416	-0.00434668
-138.50000083	-0.00509458
-138.46666750	-0.00538211
-138.43333417	-0.00549238
-138.40000083	-0.00547839
-138.36666750	-0.00501001
-138.33333417	-0.00434384
-138.30000083	-0.00369991
-138.26666750	-0.00280337
-138.23333417	-0.00175397
-138.20000083	-0.00069723
-138.16666750	0.00060696
-138.13333417	0.00143904
-138.10000084	0.00280876
-138.06666750	0.00402718
-138.03333417	0.00497410
-138.00000084	0.00605410
-137.96666750	0.00697986
-137.93333417	0.00798000
-137.90000084	0.00863287
-137.86666750	0.00920944
-137.83333417	0.00958344
-137.80000084	0.00947657
-137.76666751	0.00940422
-137.73333417	0.00916284
-137.70000084	0.00858386
-137.66666751	0.00783076
-137.63333417	0.00695653
-137.60000084	0.00583373
-137.56666751	0.00493587
-137.53333417	0.00407235
-137.50000084	0.00296141
-137.46666751	0.00222675
-137.43333418	0.00148783
-137.40000084	0.00070534
-137.36666751	0.00026835
-137.33333418	0.00002777
-137.30000084	0.00008689
-137.26666751	0.00007240
-137.23333418	0.00010460
-137.20000084	0.00054107
-137.16666751	0.00064047
-137.13333418	0.00111867
-137.10000084	0.00136049
-137.06666751	0.00173717
-137.03333418	0.00209689
-137.00000085	0.00228574
-136.96666751	0.00257117
-136.93333418	0.00266995
-136.90000085	0.00279101
-136.86666751	0.00297084
-136.83333418	0.00300812
-136.80000085	0.00281453
-136.76666751	0.00275630
-136.73333418	0.00263913
-136.70000085	0.00234409
-136.66666752	0.00217931
-136.63333418	0.00183722
-136.60000085	0.00170343
-136.56666752	0.00154548
-136.53333418	0.00159935
-136.50000085	0.00175643
-136.46666752	0.00224851
-136.43333418	0.00266709
-136.40000085	0.00327492
-136.36666752	0.00421627
-136.33333419	0.00503182
-136.30000085	0.00629432
-136.26666752	0.00715723
-136.23333419	0.00838689
-136.20000085	0.00945884
-136.16666752	0.01027720
-136.13333419	0.01088584
-136.10000085	0.01121677
-136.06666752	0.01130056
-136.03333419	0.01112207
-136.00000085	0.01050058
-135.96666752	0.00991204
-135.93333419	0.00920379
-135.90000086	0.00848592
-135.86666752	0.00751676
-135.83333419	0.00688320
-135.80000086	0.00652590
-135.76666752	0.00606021
-135.73333419	0.00600899
-135.70000086	0.00602290
-135.66666752	0.00640489
-135.63333419	0.00682008
-135.60000086	0.00722086
-135.56666753	0.00763428
-135.53333419	0.00811985
-135.50000086	0.00848417
-135.46666753	0.00868656
-135.43333419	0.00884430
-135.40000086	0.00891883
-135.36666753	0.00891706
-135.33333419	0.00885041
-135.30000086	0.00869524
-135.26666753	0.00848843
-135.23333420	0.00816323
-135.20000086	0.00779791
-135.16666753	0.00767492
-135.13333420	0.00721315
-135.10000086	0.00658663
-135.06666753	0.00613271
-135.03333420	0.00552125
-135.00000086	0.00489379
-134.96666753	0.00427692
-134.93333420	0.00340946
-134.90000086	0.00255483
-134.86666753	0.00182743
-134.83333420	0.00108983
-134.80000087	0.00035613
-134.76666753	-0.00041126
-134.73333420	-0.00096059
-134.70000087	-0.00155599
-134.66666753	-0.00217833
-134.63333420	-0.00217768
-134.60000087	-0.00238581
-134.56666753	-0.00234400
-134.53333420	-0.00206388
-134.50000087	-0.00168182
-134.46666754	-0.00117971
-134.43333420	-0.00077295
-134.40000087	-0.00025053
-134.36666754	0.00011654
-134.33333420	0.00058613
-134.30000087	0.00096622
-134.26666754	0.00120428
-134.23333420	0.00146719
-134.20000087	0.00158556
-134.16666754	0.00189925
-134.13333421	0.00190883
-134.10000087	0.00185957
-134.06666754	0.00208670
-134.03333421	0.00223172
-134.00000087	0.00253020
-133.96666754	0.00287012
-133.93333421	0.00304275
-133.90000087	0.00333183
-133.86666754	0.00356393
-133.83333421	0.00363642
-133.80000088	0.00359857
-133.76666754	0.00312292
-133.73333421	0.00270074
-133.70000088	0.00220088
-133.66666754	0.00150705
-133.63333421	0.00068749
-133.60000088	-0.00048242
-133.56666754	-0.00162829
-133.53333421	-0.00247414
-133.50000088	-0.00364172
-133.46666754	-0.00460861
-133.43333421	-0.00539897
-133.40000088	-0.00606034
-133.36666755	-0.00669447
-133.33333421	-0.00718593
-133.30000088	-0.00762406
-133.26666755	-0.00823366
-133.23333421	-0.00860487
-133.20000088	-0.00919731
-133.16666755	-0.00973310
-133.13333421	-0.01007901
-133.10000088	-0.01044336
-133.06666755	-0.01086059
-133.03333422	-0.01113101
-133.00000088	-0.01098902
-132.96666755	-0.01066628
-132.93333422	-0.01015002
-132.90000088	-0.00939568
-132.86666755	-0.00820753
-132.83333422	-0.00701373
-132.80000088	-0.00554974
-132.76666755	-0.00406540
-132.73333422	-0.00242738
-132.70000089	-0.00099110
-132.66666755	0.00051557
-132.63333422	0.00162247
-132.60000089	0.00251969
-132.56666755	0.00314020
-132.53333422	0.00337297
-132.50000089	0.00339540
-132.46666755	0.00301432
-132.43333422	0.00257230
-132.40000089	0.00192715
-132.36666755	0.00108805
-132.33333422	0.00025233
-132.30000089	-0.00064422
-132.26666756	-0.00139663
-132.23333422	-0.00198172
-132.20000089	-0.00255444
-132.16666756	-0.00291351
-132.13333422	-0.00311140
-132.10000089	-0.00304293
-132.06666756	-0.00288051
-132.03333422	-0.00269511
-132.00000089	-0.00237528
-131.96666756	-0.00194706
-131.93333423	-0.00156794
-131.90000089	-0.00125367
-131.86666756	-0.00099453
-131.83333423	-0.00087245
-131.80000089	-0.00084826
-131.76666756	-0.00096985
-131.73333423	-0.00122494
-131.70000089	-0.00152184
-131.66666756	-0.00192497
-131.63333423	-0.00222547
-131.60000090	-0.00267310
-131.56666756	-0.00318830
-131.53333423	-0.00351585
-131.50000090	-0.00385329
-131.46666756	-0.00404070
-131.43333423	-0.00418862
-131.40000090	-0.00431412
-131.36666756	-0.00431811
-131.33333423	-0.00433394
-131.30000090	-0.00425182
-131.26666756	-0.00415264
-131.23333423	-0.00404598
-131.20000090	-0.00384019
-131.16666757	-0.00371450
-131.13333423	-0.00351137
-131.10000090	-0.00330418
-131.06666757	-0.00311420
-131.03333423	-0.00286847
-131.00000090	-0.00267324
-130.96666757	-0.00248839
-130.93333423	-0.00229106
-130.90000090	-0.00216207
-130.86666757	-0.00201437
-130.83333424	-0.00187000
-130.80000090	-0.00180159
-130.76666757	-0.00173365
-130.73333424	-0.00162852
-130.70000090	-0.00162761
-130.66666757	-0.00160760
-130.63333424	-0.00159522
-130.60000090	-0.00161914
-130.56666757	-0.00156168
-130.53333424	-0.00152660
-130.50000091	-0.00146998
-130.46666757	-0.00137316
-130.43333424	-0.00127024
-130.40000091	-0.00115420
-130.36666757	-0.00101329
-130.33333424	-0.00086751
-130.30000091	-0.00072736
-130.26666757	-0.00057889
-130.23333424	-0.00044521
-130.20000091	-0.00032846
-130.16666758	-0.00022414
-130.13333424	-0.00015044
-130.10000091	-0.00007806
-130.06666758	-0.00004397
-130.03333424	-0.00003184
-130.00000091	-0.00002225
-129.96666758	-0.00001561
-129.93333424	-0.00002284
-129.90000091	-0.00003401
-129.86666758	-0.00004515
-129.83333424	-0.00005643
-129.80000091	-0.00006285
-129.76666758	-0.00006473
-129.73333425	-0.00006670
-129.70000091	-0.00006261
-129.66666758	-0.00005807
-129.63333425	-0.00005086
-129.60000091	-0.00004312
-129.56666758	-0.00003501
-129.53333425	-0.00002764
-129.50000091	-0.00002021
-129.46666758	-0.00001305
-129.43333425	-0.00000750
-129.40000092	-0.00000330
-129.36666758	-0.00000079
-129.33333425	0.00000000
