# Menlo Systems GmbH ScanControl
# Program Version 1.3.3
# Start: -229.30000000 ps, Average over 300 waveforms. Timestamp: 2023-05-26T11:49:01
# Window type: Tukey, parameters: alpha = 0.1
# User time axis shift: 0 ps
# Frequency [THz]	THz Signal [a.u.]
0.00000000	-44.86951035
0.00732601	-38.94955072
0.01465201	-34.75693627
0.02197802	-25.99184889
0.02930403	-28.47867389
0.03663004	-28.72127564
0.04395604	-22.29313989
0.05128205	-24.40733867
0.05860806	-37.44182624
0.06593407	-31.68068649
0.07326007	-18.66143793
0.08058608	-19.41103077
0.08791209	-24.70204970
0.09523810	-15.58249521
0.10256410	-16.49998112
0.10989011	-22.67512817
0.11721612	-13.78575259
0.12454213	-13.82931173
0.13186813	-13.71480561
0.13919414	-15.30527165
0.14652015	-11.44015514
0.15384616	-11.01657030
0.16117216	-11.73035585
0.16849817	-9.41092977
0.17582418	-8.41522865
0.18315018	-9.47827086
0.19047619	-9.96895525
0.19780220	-8.02556320
0.20512821	-7.38298383
0.21245421	-9.58898071
0.21978022	-8.34977140
0.22710623	-5.76094408
0.23443224	-5.38106433
0.24175824	-7.64345630
0.24908425	-4.59815694
0.25641026	-3.55300328
0.26373627	-5.01082148
0.27106227	-5.44432679
0.27838828	-3.55211565
0.28571429	-4.80641239
0.29304030	-5.12808231
0.30036630	-4.08689954
0.30769231	-3.69278755
0.31501832	-3.95917986
0.32234433	-3.27271620
0.32967033	-2.16891205
0.33699634	-2.07186199
0.34432235	-2.46800130
0.35164835	-1.89658517
0.35897436	-1.90894687
0.36630037	-2.79544631
0.37362638	-2.67577848
0.38095238	-2.37940471
0.38827839	-2.03693994
0.39560440	-1.74950528
0.40293041	-1.11372180
0.41025641	-0.73230475
0.41758242	-0.49808627
0.42490843	-0.46136402
0.43223444	-0.83431922
0.43956044	-1.38253632
0.44688645	-1.57824669
0.45421246	-1.72510379
0.46153847	-2.13791656
0.46886447	-1.79748484
0.47619048	-1.61901612
0.48351649	-1.05122040
0.49084250	-0.57561402
0.49816850	-0.05698086
0.50549451	0.00000000
0.51282052	-0.26615901
0.52014652	-0.38991032
0.52747253	-1.58351430
0.53479854	-1.74765357
0.54212455	-1.82985188
0.54945055	-2.87860087
0.55677656	-5.84893564
0.56410257	-2.99460919
0.57142858	-1.68093258
0.57875458	-0.58922221
0.58608059	-1.16411668
0.59340660	-1.07445593
0.60073261	-1.12552729
0.60805861	-2.68857299
0.61538462	-2.65973223
0.62271063	-2.88610475
0.63003664	-3.45588880
0.63736264	-2.62020967
0.64468865	-2.45549730
0.65201466	-1.85807904
0.65934067	-0.96307740
0.66666667	-1.24706003
0.67399268	-1.06318113
0.68131869	-1.68552618
0.68864469	-2.96343297
0.69597070	-3.07482976
0.70329671	-3.94368205
0.71062272	-4.69256271
0.71794872	-3.78457386
0.72527473	-4.67975700
0.73260074	-3.45537132
0.73992675	-3.26832464
0.74725275	-4.11341543
0.75457876	-5.19400924
0.76190477	-4.16237839
0.76923078	-4.44481797
0.77655678	-4.95956690
0.78388279	-6.01901109
0.79120880	-5.69624770
0.79853481	-6.06270554
0.80586081	-5.65823875
0.81318682	-5.14811468
0.82051283	-4.91217042
0.82783884	-4.10098973
0.83516484	-4.80125169
0.84249085	-4.95553854
0.84981686	-6.18450104
0.85714287	-7.13072042
0.86446887	-7.52509344
0.87179488	-8.44448871
0.87912089	-7.80234261
0.88644689	-8.06207732
0.89377290	-7.10679927
0.90109891	-6.21806682
0.90842492	-6.03866331
0.91575092	-5.52390391
0.92307693	-6.32594742
0.93040294	-7.21261208
0.93772895	-7.83403307
0.94505495	-9.05660842
0.95238096	-9.19532957
0.95970697	-9.62090574
0.96703298	-9.53895493
0.97435898	-9.20339638
0.98168499	-8.67430827
0.98901100	-10.02504115
0.99633701	-7.92852975
1.00366301	-8.19635309
1.01098902	-9.10209252
1.01831503	-9.58702979
1.02564104	-11.03493711
1.03296704	-10.87528753
1.04029305	-11.23624594
1.04761906	-11.25644163
1.05494506	-10.15072808
1.06227107	-10.12117890
1.06959708	-9.02183295
1.07692309	-8.84233826
1.08424909	-10.24968570
1.09157510	-12.39989103
1.09890111	-33.47453401
1.10622712	-15.42503408
1.11355312	-17.32945018
1.12087913	-15.58474750
1.12820514	-12.96653304
1.13553115	-13.83786574
1.14285715	-12.10063417
1.15018316	-12.84762543
1.15750917	-15.94147145
1.16483518	-28.59992997
1.17216118	-14.62063289
1.17948719	-13.07903854
1.18681320	-13.82952330
1.19413921	-14.84973203
1.20146521	-14.91605032
1.20879122	-20.19876316
1.21611723	-15.09178141
1.22344323	-14.84504356
1.23076924	-16.81736047
1.23809525	-12.94950464
1.24542126	-12.70032230
1.25274726	-13.02959578
1.26007327	-14.33870138
1.26739928	-14.95893695
1.27472529	-15.97589213
1.28205129	-16.17713994
1.28937730	-16.22461922
1.29670331	-15.92010170
1.30402932	-14.81212506
1.31135532	-14.20724429
1.31868133	-13.43200385
1.32600734	-13.78647939
1.33333335	-14.33847901
1.34065935	-15.42125155
1.34798536	-16.83746579
1.35531137	-17.36013219
1.36263738	-18.25562604
1.36996338	-18.24047992
1.37728939	-18.00058905
1.38461540	-17.61520727
1.39194140	-16.52807472
1.39926741	-16.19947049
1.40659342	-18.64922583
1.41391943	-29.02601893
1.42124543	-18.62892391
1.42857144	-18.29796635
1.43589745	-19.73730958
1.44322346	-19.30230879
1.45054946	-20.28123653
1.45787547	-19.59837704
1.46520148	-19.06375174
1.47252749	-18.75294777
1.47985349	-17.10629133
1.48717950	-17.54502640
1.49450551	-17.70424032
1.50183152	-18.90232491
1.50915752	-20.61632746
1.51648353	-20.73914322
1.52380954	-22.35278242
1.53113555	-21.78796072
1.53846155	-22.21145221
1.54578756	-21.61019278
1.55311357	-20.23887147
1.56043957	-19.86553785
1.56776558	-18.91198348
1.57509159	-19.49976721
1.58241760	-20.83066322
1.58974360	-22.15046747
1.59706961	-24.20208516
1.60439562	-30.29879838
1.61172163	-25.54251367
1.61904763	-25.03365308
1.62637364	-24.31259120
1.63369965	-23.97922556
1.64102566	-23.08819627
1.64835166	-23.10068048
1.65567767	-26.58718995
1.66300368	-41.79371308
1.67032969	-45.89293019
1.67765569	-37.01053503
1.68498170	-29.58476405
1.69230771	-28.39057086
1.69963372	-28.68039425
1.70695972	-29.27532700
1.71428573	-38.98747129
1.72161174	-42.28202625
1.72893774	-28.25489164
1.73626375	-25.11988201
1.74358976	-26.08537129
1.75091577	-26.91203362
1.75824177	-28.91560943
1.76556778	-31.61426914
1.77289379	-29.87031091
1.78021980	-30.20066434
1.78754580	-29.96993201
1.79487181	-33.36402846
1.80219782	-32.14115383
1.80952383	-27.41971450
1.81684983	-27.00325176
1.82417584	-27.59520713
1.83150185	-28.90942698
1.83882786	-30.24833388
1.84615386	-31.08186049
1.85347987	-32.17484554
1.86080588	-33.16426932
1.86813189	-42.55405277
1.87545789	-35.40159641
1.88278390	-30.71516207
1.89010991	-29.78628032
1.89743591	-29.26452953
1.90476192	-30.11364126
1.91208793	-31.89322925
1.91941394	-40.44752735
1.92673994	-36.90345533
1.93406595	-34.33358325
1.94139196	-34.38953262
1.94871797	-34.08676027
1.95604397	-33.43030751
1.96336998	-32.54345794
1.97069599	-31.42702647
1.97802200	-30.92063104
1.98534800	-31.66157889
1.99267401	-33.08309299
2.00000002	-34.45088759
2.00732603	-35.33684764
2.01465203	-36.55930438
2.02197804	-36.96386930
2.02930405	-36.73969422
2.03663006	-37.42271319
2.04395606	-41.72702708
2.05128207	-34.53835793
2.05860808	-33.76743899
2.06593408	-33.84153691
2.07326009	-37.46378143
2.08058610	-39.12773687
2.08791211	-37.57699668
2.09523811	-38.42726188
2.10256412	-38.62632644
2.10989013	-38.68896114
2.11721614	-38.09925538
2.12454214	-37.53111594
2.13186815	-36.37902410
2.13919416	-35.95510249
2.14652017	-36.81452074
2.15384617	-38.58297204
2.16117218	-45.09850149
2.16849819	-57.99311798
2.17582420	-44.84577513
2.18315020	-42.97034793
2.19047621	-44.51980238
2.19780222	-58.43458671
2.20512823	-45.73547747
2.21245423	-41.54156914
2.21978024	-45.53751550
2.22710625	-50.53065707
2.23443225	-41.20081108
2.24175826	-42.10368873
2.24908427	-43.25507312
2.25641028	-45.51642094
2.26373628	-55.74437509
2.27106229	-54.15695696
2.27838830	-45.47896361
2.28571431	-43.58968283
2.29304031	-42.48271641
2.30036632	-41.78345342
2.30769233	-41.96191049
2.31501834	-43.24831503
2.32234434	-45.10442992
2.32967035	-46.13838837
2.33699636	-46.74126654
2.34432237	-52.06129722
2.35164837	-51.62561409
2.35897438	-48.24916903
2.36630039	-52.06279051
2.37362640	-50.43875683
2.38095240	-46.39251956
2.38827841	-51.08605800
2.39560442	-64.73072214
2.40293042	-51.16392546
2.41025643	-49.11987693
2.41758244	-50.19699014
2.42490845	-50.42507228
2.43223445	-51.14967911
2.43956046	-50.63770427
2.44688647	-51.28274734
2.45421248	-51.42262661
2.46153848	-56.10142652
2.46886449	-61.32577310
2.47619050	-51.05704447
2.48351651	-50.42054161
2.49084251	-51.97761109
2.49816852	-52.68261852
2.50549453	-54.09668472
2.51282054	-54.03956846
2.52014654	-52.70742889
2.52747255	-51.91115749
2.53479856	-51.90797584
2.54212457	-51.09763360
2.54945057	-51.36601723
2.55677658	-51.94787702
2.56410259	-52.43710226
2.57142860	-55.44927811
2.57875460	-54.47002313
2.58608061	-56.16306121
2.59340662	-56.24681548
2.60073262	-57.30214371
2.60805863	-57.18595888
2.61538464	-56.49564618
2.62271065	-56.32729870
2.63003665	-62.20718060
2.63736266	-91.16032173
2.64468867	-81.01662082
2.65201468	-70.12351251
2.65934068	-62.43986626
2.66666669	-63.45723656
2.67399270	-60.92275630
2.68131871	-58.81650295
2.68864471	-66.10563623
2.69597072	-60.00657588
2.70329673	-58.41955984
2.71062274	-57.87712660
2.71794874	-57.64642629
2.72527475	-57.71123623
2.73260076	-56.89996369
2.73992677	-57.12782128
2.74725277	-59.43948809
2.75457878	-59.21166400
2.76190479	-61.32637769
2.76923079	-75.17140389
2.77655680	-75.84259643
2.78388281	-74.42063921
2.79120882	-65.23629873
2.79853482	-59.50241974
2.80586083	-57.77129091
2.81318684	-57.71866550
2.82051285	-57.93908836
2.82783885	-59.31163842
2.83516486	-59.94224590
2.84249087	-62.12106690
2.84981688	-60.67098706
2.85714288	-59.14153389
2.86446889	-56.59133909
2.87179490	-56.16892414
2.87912091	-61.20946490
2.88644691	-86.92635669
2.89377292	-59.98113420
2.90109893	-58.00328482
2.90842494	-59.35932334
2.91575094	-58.32158746
2.92307695	-59.01023254
2.93040296	-58.79597454
2.93772896	-59.22647299
2.94505497	-59.06720226
2.95238098	-58.26408091
2.95970699	-59.67928014
2.96703299	-69.47100645
2.97435900	-81.73117450
2.98168501	-69.60689506
2.98901102	-61.96611709
2.99633702	-62.03116024
3.00366303	-65.88865308
3.01098904	-78.25735705
3.01831505	-78.78164975
3.02564105	-65.76493612
3.03296706	-60.99325531
3.04029307	-59.53098538
3.04761908	-73.98741657
3.05494508	-57.00409407
3.06227109	-56.47926610
3.06959710	-58.55504845
3.07692311	-58.72139219
3.08424911	-59.47979733
3.09157512	-59.75202454
3.09890113	-59.33765714
3.10622713	-58.31724320
3.11355314	-57.18799816
3.12087915	-56.38094049
3.12820516	-60.32463275
3.13553116	-74.37319466
3.14285717	-70.90554660
3.15018318	-60.02004536
3.15750919	-59.72632638
3.16483519	-67.60685551
3.17216120	-71.70838829
3.17948721	-64.21869417
3.18681322	-63.16676144
3.19413922	-59.39512403
3.20146523	-55.19030631
3.20879124	-54.65945027
3.21611725	-59.74873912
3.22344325	-57.78019563
3.23076926	-63.53007298
3.23809527	-63.88565743
3.24542128	-59.40081775
3.25274728	-59.38572038
3.26007329	-57.67898568
3.26739930	-57.94270348
3.27472530	-55.87387104
3.28205131	-55.50095438
3.28937732	-54.11708823
3.29670333	-53.34047022
3.30402933	-55.04957655
3.31135534	-56.62499003
3.31868135	-58.17465547
3.32600736	-63.75834475
3.33333336	-73.16669800
3.34065937	-77.26736843
3.34798538	-62.11280661
3.35531139	-58.43160045
3.36263739	-56.38327773
3.36996340	-55.02049071
3.37728941	-54.50044540
3.38461542	-54.66208358
3.39194142	-55.27326730
3.39926743	-57.27789610
3.40659344	-56.60444058
3.41391945	-58.56869559
3.42124545	-58.80909658
3.42857146	-58.99318965
3.43589747	-58.24969639
3.44322347	-58.74249705
3.45054948	-56.18883601
3.45787549	-55.44956873
3.46520150	-56.11342268
3.47252750	-58.00734799
3.47985351	-58.22801757
3.48717952	-59.35382536
3.49450553	-60.89962711
3.50183153	-65.61814084
3.50915754	-59.35534551
3.51648355	-59.50674948
3.52380956	-57.51965819
3.53113556	-56.88831582
3.53846157	-62.91885546
3.54578758	-62.15090914
3.55311359	-57.69251292
3.56043959	-60.01461118
3.56776560	-60.98343390
3.57509161	-63.22801241
3.58241762	-61.41601212
3.58974362	-63.22395451
3.59706963	-67.65617430
3.60439564	-80.18160820
3.61172164	-69.12227596
3.61904765	-61.58453112
3.62637366	-59.44823410
3.63369967	-59.77372493
3.64102567	-63.52328425
3.64835168	-73.56151014
3.65567769	-75.62281726
3.66300370	-81.05176579
3.67032970	-69.27494485
3.67765571	-65.53918189
3.68498172	-63.82949237
3.69230773	-64.30056903
3.69963373	-62.55087907
3.70695974	-58.94411116
3.71428575	-60.26393258
3.72161176	-62.53876320
3.72893776	-63.98235617
3.73626377	-63.56724319
3.74358978	-64.61085993
3.75091579	-64.34141681
3.75824179	-63.73149710
3.76556780	-63.19802629
3.77289381	-63.80528313
3.78021981	-61.19315469
3.78754582	-60.78069349
3.79487183	-65.31952745
3.80219784	-82.53597910
3.80952384	-75.92987373
3.81684985	-84.39974354
3.82417586	-81.00803101
3.83150187	-71.65103365
3.83882787	-65.38067076
3.84615388	-63.37356585
3.85347989	-62.70978452
3.86080590	-65.67146579
3.86813190	-62.16049142
3.87545791	-61.30548392
3.88278392	-64.00222769
3.89010993	-63.48997211
3.89743593	-67.03067312
3.90476194	-66.21881159
3.91208795	-67.82453699
3.91941396	-69.54122535
3.92673996	-70.07011142
3.93406597	-73.40743970
3.94139198	-64.03250982
3.94871798	-63.05880854
3.95604399	-78.27021049
3.96337000	-68.87538381
3.97069601	-70.56459860
3.97802201	-76.95848763
3.98534802	-69.35348460
3.99267403	-80.16598157
4.00000004	-76.00281787
4.00732604	-76.81943859
4.01465205	-67.51152697
4.02197806	-68.19280832
4.02930407	-72.13745582
4.03663007	-69.78794974
4.04395608	-71.26538236
4.05128209	-67.31359258
4.05860810	-70.57058821
4.06593410	-68.95310332
4.07326011	-74.35659570
4.08058612	-73.39073099
4.08791213	-71.04924305
4.09523813	-69.11075532
4.10256414	-66.14924621
4.10989015	-67.79718480
4.11721615	-68.20568953
4.12454216	-70.30708575
4.13186817	-84.21126055
4.13919418	-72.24994682
4.14652018	-70.97879971
4.15384619	-76.84491372
4.16117220	-81.45617293
4.16849821	-86.51605432
4.17582421	-76.09261985
4.18315022	-80.33181529
4.19047623	-80.22075952
4.19780224	-74.28304158
4.20512824	-70.67857431
4.21245425	-71.32237945
4.21978026	-77.38811148
4.22710627	-74.12772597
4.23443227	-72.00636743
4.24175828	-82.47400170
4.24908429	-80.04071005
4.25641030	-78.37219894
4.26373630	-71.49293284
4.27106231	-71.01327550
4.27838832	-68.35387023
4.28571433	-69.44323093
4.29304033	-69.76541917
4.30036634	-68.26624153
4.30769235	-73.78999193
4.31501835	-69.01904818
4.32234436	-72.82944328
4.32967037	-77.80712340
4.33699638	-80.29509112
4.34432238	-74.07795493
4.35164839	-80.67225846
4.35897440	-68.78183479
4.36630041	-69.78046022
4.37362641	-74.85417078
4.38095242	-70.89785699
4.38827843	-72.21488770
4.39560444	-78.45509509
4.40293044	-74.56041905
4.41025645	-75.13491341
4.41758246	-81.30368415
4.42490847	-79.62301107
4.43223447	-75.95398817
4.43956048	-72.86736298
4.44688649	-71.83003600
4.45421250	-73.15697039
4.46153850	-75.89386734
4.46886451	-87.86777668
4.47619052	-75.02465714
4.48351652	-83.75803233
4.49084253	-86.51551119
4.49816854	-76.62717153
4.50549455	-76.54505395
4.51282055	-77.76926907
4.52014656	-79.50414479
4.52747257	-81.24802363
4.53479858	-78.34233459
4.54212458	-78.56294978
4.54945059	-75.70661578
4.55677660	-73.47342825
4.56410261	-82.92300286
4.57142861	-90.56737481
4.57875462	-79.43244862
4.58608063	-70.08811258
4.59340664	-73.74027445
4.60073264	-74.96486556
4.60805865	-88.89378585
4.61538466	-85.20988379
4.62271067	-83.55025056
4.63003667	-74.69878847
4.63736268	-76.55530090
4.64468869	-75.95144011
4.65201469	-83.58246296
4.65934070	-73.76697352
4.66666671	-74.74576681
4.67399272	-80.51174938
4.68131872	-80.94284416
4.68864473	-79.84062053
4.69597074	-73.47935553
4.70329675	-72.35204943
4.71062275	-92.61078662
4.71794876	-78.00907765
4.72527477	-77.23540225
4.73260078	-77.05794817
4.73992678	-95.64624863
4.74725279	-81.15218573
4.75457880	-84.00852305
4.76190481	-84.53464746
4.76923081	-77.21021754
4.77655682	-76.97286517
4.78388283	-75.73119319
4.79120884	-80.21892239
4.79853484	-76.67114450
4.80586085	-83.39961164
4.81318686	-78.86603160
4.82051286	-81.68784467
4.82783887	-73.37319822
4.83516488	-74.70699268
4.84249089	-84.27361186
4.84981689	-77.49941374
4.85714290	-79.20877334
4.86446891	-76.93336030
4.87179492	-81.52647623
4.87912092	-76.35083513
4.88644693	-78.98700448
4.89377294	-74.69252194
4.90109895	-82.26554594
4.90842495	-78.88783247
4.91575096	-78.31546961
4.92307697	-86.55145613
4.93040298	-81.46508497
4.93772898	-84.11166246
4.94505499	-85.34325771
4.95238100	-80.94871850
4.95970701	-73.41105256
4.96703301	-82.08510774
4.97435902	-81.47718207
4.98168503	-78.22489949
4.98901103	-83.63364557
4.99633704	-80.30103635
5.00366305	-85.68828291
5.01098906	-81.31245680
5.01831506	-77.46761650
5.02564107	-77.26293586
5.03296708	-77.48074041
5.04029309	-73.71274910
5.04761909	-88.47187997
5.05494510	-75.39299817
5.06227111	-77.51610575
5.06959712	-95.24116200
5.07692312	-77.62360961
5.08424913	-76.04997047
5.09157514	-81.61807481
5.09890115	-78.88334681
5.10622715	-77.42801812
5.11355316	-85.00921192
5.12087917	-86.68309556
5.12820518	-80.75039701
5.13553118	-78.58572446
5.14285719	-86.60409977
5.15018320	-77.39635375
5.15750920	-82.02457576
5.16483521	-78.75728324
5.17216122	-91.59051949
5.17948723	-80.72138786
5.18681323	-86.12393852
5.19413924	-84.18315614
5.20146525	-80.15872462
5.20879126	-91.14106347
5.21611726	-85.02700882
5.22344327	-88.69895340
5.23076928	-83.79466862
5.23809529	-81.44713728
5.24542129	-76.68513874
5.25274730	-77.75891888
5.26007331	-100.23853404
5.26739932	-79.06463569
5.27472532	-77.94575365
5.28205133	-79.72676449
5.28937734	-75.36977653
5.29670335	-74.46242519
5.30402935	-75.39407076
5.31135536	-75.73335005
5.31868137	-74.82782705
5.32600737	-89.64512178
5.33333338	-75.57745497
5.34065939	-79.73407656
5.34798540	-81.46780973
5.35531140	-80.18283007
5.36263741	-81.52259186
5.36996342	-79.76245674
5.37728943	-74.89668651
5.38461543	-89.69856294
5.39194144	-77.21839601
5.39926745	-80.99351605
5.40659346	-80.29995896
5.41391946	-79.40778488
5.42124547	-76.65584412
5.42857148	-83.79720159
5.43589749	-71.15715561
5.44322349	-74.22249539
5.45054950	-78.72798868
5.45787551	-77.62410318
5.46520152	-82.25128415
5.47252752	-77.36177951
5.47985353	-74.17581944
5.48717954	-74.05249798
5.49450554	-73.14898682
5.50183155	-75.44334053
5.50915756	-80.76093294
5.51648357	-81.32664386
5.52380957	-81.56535637
5.53113558	-81.31331821
5.53846159	-77.19271051
5.54578760	-84.91514093
5.55311360	-76.94960865
5.56043961	-76.66968362
5.56776562	-82.28176672
5.57509163	-78.19522983
5.58241763	-80.75375339
5.58974364	-81.80400454
5.59706965	-81.85911081
5.60439566	-81.29001543
5.61172166	-75.30684328
5.61904767	-77.26097777
5.62637368	-82.83277108
5.63369969	-86.49609508
5.64102569	-85.04409593
5.64835170	-80.81480710
5.65567771	-77.76147871
5.66300371	-81.99754418
5.67032972	-80.61265752
5.67765573	-79.73789794
5.68498174	-86.01625399
5.69230774	-85.51173135
5.69963375	-73.50938557
5.70695976	-73.51358610
5.71428577	-75.57994079
5.72161177	-76.00352385
5.72893778	-81.96765662
5.73626379	-76.97340652
5.74358980	-77.91506284
5.75091580	-82.91677537
5.75824181	-79.99677473
5.76556782	-81.32942083
5.77289383	-79.00812821
5.78021983	-86.02957954
5.78754584	-74.93523863
5.79487185	-77.17068731
5.80219786	-109.85668695
5.80952386	-78.11210400
5.81684987	-81.79331822
5.82417588	-75.79811481
5.83150188	-81.08871443
5.83882789	-79.62718589
5.84615390	-96.98672313
5.85347991	-78.65983293
5.86080591	-74.01257805
5.86813192	-81.58231814
5.87545793	-78.41053554
5.88278394	-79.79477347
5.89010994	-81.15352181
5.89743595	-89.51459558
5.90476196	-78.55251482
5.91208797	-70.45451997
5.91941397	-80.16201361
5.92673998	-74.34979044
5.93406599	-88.50321756
5.94139200	-78.66756584
5.94871800	-76.61241500
5.95604401	-72.52730958
5.96337002	-79.83941754
5.97069603	-81.57770080
5.97802203	-80.93436997
5.98534804	-81.09240601
5.99267405	-81.93541564
6.00000006	-75.04574216
6.00732606	-85.96138148
6.01465207	-89.69803309
6.02197808	-75.33959254
6.02930408	-84.53462488
6.03663009	-78.70578315
6.04395610	-80.31280807
6.05128211	-77.52823400
6.05860811	-88.37074113
6.06593412	-91.11490535
6.07326013	-79.46771344
6.08058614	-74.93534375
6.08791214	-75.54746484
6.09523815	-77.16226499
6.10256416	-91.22425078
6.10989017	-84.95083780
6.11721617	-81.60902655
6.12454218	-84.54412117
6.13186819	-77.30744845
6.13919420	-93.28851438
6.14652020	-82.09831593
6.15384621	-75.34041030
6.16117222	-78.91971803
6.16849823	-88.40375421
6.17582423	-85.81344424
6.18315024	-83.58801979
6.19047625	-85.36195832
6.19780225	-78.45056497
6.20512826	-86.00952547
6.21245427	-77.91559459
6.21978028	-78.66260794
6.22710628	-87.31218061
6.23443229	-87.84741565
6.24175830	-73.61988019
6.24908431	-74.47871792
6.25641031	-80.69622225
6.26373632	-77.54968250
6.27106233	-84.63583210
6.27838834	-74.83433383
6.28571434	-79.26582878
6.29304035	-81.03579422
6.30036636	-77.01975434
6.30769237	-76.36352454
6.31501837	-85.89943543
6.32234438	-82.72490799
6.32967039	-82.78974043
6.33699640	-90.13451126
6.34432240	-84.75737941
6.35164841	-85.75633689
6.35897442	-76.59785549
6.36630042	-80.43199370
6.37362643	-81.18981641
6.38095244	-79.38262083
6.38827845	-80.81352051
6.39560445	-79.28536223
6.40293046	-73.52246236
6.41025647	-77.29039060
6.41758248	-84.32161885
6.42490848	-81.21139951
6.43223449	-80.03360649
6.43956050	-79.72850290
6.44688651	-83.30096262
6.45421251	-75.81461160
6.46153852	-81.88804535
6.46886453	-80.20171045
6.47619054	-75.71398059
6.48351654	-72.43152949
6.49084255	-76.63930137
6.49816856	-81.05949502
6.50549457	-93.99978320
6.51282057	-88.09564962
6.52014658	-96.32738484
6.52747259	-87.36736329
6.53479859	-96.66121072
6.54212460	-84.53497217
6.54945061	-86.44192365
6.55677662	-83.17127374
6.56410262	-86.64041322
6.57142863	-85.47341343
6.57875464	-79.53224295
6.58608065	-85.56102627
6.59340665	-79.08705608
6.60073266	-72.08589471
6.60805867	-78.09018460
6.61538468	-89.63495986
6.62271068	-83.68944996
6.63003669	-82.21973201
6.63736270	-83.41231406
6.64468871	-82.07102239
6.65201471	-88.21527505
6.65934072	-81.47786594
6.66666673	-80.80299996
6.67399274	-86.35604918
6.68131874	-74.14345297
6.68864475	-83.65836112
6.69597076	-77.86757242
6.70329676	-85.00982367
6.71062277	-77.82785681
6.71794878	-81.58259681
6.72527479	-85.82081373
6.73260079	-76.41126785
6.73992680	-76.40131708
6.74725281	-76.00842127
6.75457882	-75.35434664
6.76190482	-71.70703623
6.76923083	-81.13247913
6.77655684	-83.68578936
6.78388285	-85.82668444
6.79120885	-94.35109638
6.79853486	-86.57454973
6.80586087	-90.05785924
6.81318688	-79.00101432
6.82051288	-82.34010790
6.82783889	-78.13953934
6.83516490	-78.32229360
6.84249091	-78.62073973
6.84981691	-82.06042443
6.85714292	-79.28892086
6.86446893	-75.40231990
6.87179493	-75.10724434
6.87912094	-78.52486646
6.88644695	-72.82565221
6.89377296	-76.23149712
6.90109896	-72.91193546
6.90842497	-87.74152664
6.91575098	-83.90027898
6.92307699	-81.69880320
6.93040299	-85.04576961
6.93772900	-85.24253581
6.94505501	-83.14691543
6.95238102	-82.79171891
6.95970702	-78.07309330
6.96703303	-75.01687407
6.97435904	-79.18321592
6.98168505	-77.84970164
6.98901105	-80.20567737
6.99633706	-78.85602379
7.00366307	-81.16230279
7.01098908	-77.64663759
7.01831508	-75.08795086
7.02564109	-74.24561226
7.03296710	-74.59598304
7.04029310	-76.53029874
7.04761911	-90.31061268
7.05494512	-88.54502156
7.06227113	-86.56218045
7.06959713	-74.24815926
7.07692314	-77.76242221
7.08424915	-80.08743203
7.09157516	-77.14000914
7.09890116	-82.15416718
7.10622717	-84.38747756
7.11355318	-83.42704312
7.12087919	-86.88490888
7.12820519	-79.60531700
7.13553120	-92.32920763
7.14285721	-76.42364669
7.15018322	-99.02780625
7.15750922	-79.59074366
7.16483523	-88.61710503
7.17216124	-91.67107246
7.17948725	-78.66885600
7.18681325	-74.75211651
7.19413926	-75.30711876
7.20146527	-75.75529637
7.20879127	-93.53377852
7.21611728	-73.35018126
7.22344329	-75.66083677
7.23076930	-74.12402113
7.23809530	-85.91234753
7.24542131	-75.59699691
7.25274732	-82.63998813
7.26007333	-78.34881145
7.26739933	-84.37930701
7.27472534	-79.16934866
7.28205135	-81.33401422
7.28937736	-79.42425532
7.29670336	-88.94790213
7.30402937	-80.65365905
7.31135538	-77.72087484
7.31868139	-76.97729923
7.32600739	-78.08983301
7.33333340	-83.49894637
7.34065941	-81.07196427
7.34798542	-81.38349455
7.35531142	-83.31141762
7.36263743	-76.91379775
7.36996344	-77.31997129
7.37728944	-75.12230715
7.38461545	-79.93169198
7.39194146	-79.26902837
7.39926747	-77.66444759
7.40659347	-88.79154108
7.41391948	-81.07411745
7.42124549	-78.14615237
7.42857150	-82.30606264
7.43589750	-97.08951281
7.44322351	-76.44445751
7.45054952	-76.52073565
7.45787553	-85.47409185
7.46520153	-80.85054926
7.47252754	-87.43623407
7.47985355	-85.07845612
7.48717956	-87.10785367
7.49450556	-75.84147836
7.50183157	-74.22692205
7.50915758	-87.90065378
7.51648359	-80.04713499
7.52380959	-76.06051976
7.53113560	-79.48095777
7.53846161	-82.40256248
7.54578761	-74.75987639
7.55311362	-87.23584720
7.56043963	-82.35129309
7.56776564	-76.85967939
7.57509164	-78.67888812
7.58241765	-75.36725155
7.58974366	-81.56267957
7.59706967	-90.57651051
7.60439567	-88.46532177
7.61172168	-79.20188147
7.61904769	-77.29532151
7.62637370	-81.76712814
7.63369970	-78.92039061
7.64102571	-72.60412090
7.64835172	-82.49539781
7.65567773	-76.07434818
7.66300373	-96.59946964
7.67032974	-80.02163321
7.67765575	-88.71276111
7.68498176	-78.57526108
7.69230776	-78.70255567
7.69963377	-79.79338857
7.70695978	-81.58773232
7.71428579	-76.53709677
7.72161179	-84.04463548
7.72893780	-73.61105958
7.73626381	-78.00732378
7.74358981	-84.36658027
7.75091582	-70.54042791
7.75824183	-73.58605251
7.76556784	-90.95427173
7.77289384	-88.08224250
7.78021985	-79.90228501
7.78754586	-79.59706622
7.79487187	-91.47726346
7.80219787	-82.22246146
7.80952388	-78.91070018
7.81684989	-77.43823955
7.82417590	-78.64873662
7.83150190	-81.60762103
7.83882791	-81.19519726
7.84615392	-89.37614216
7.85347993	-79.74270678
7.86080593	-70.01933700
7.86813194	-74.30596609
7.87545795	-77.34772372
7.88278396	-76.97508074
7.89010996	-89.13483334
7.89743597	-80.76609066
7.90476198	-85.94375475
7.91208798	-78.58150846
7.91941399	-81.09247532
7.92674000	-75.97862934
7.93406601	-81.60782278
7.94139201	-81.34774688
7.94871802	-78.03045536
7.95604403	-79.24547318
7.96337004	-73.22381522
7.97069604	-79.46344814
7.97802205	-87.46046884
7.98534806	-78.03242861
7.99267407	-74.31853269
8.00000007	-93.52639708
8.00732608	-80.85851699
8.01465209	-87.00732872
8.02197810	-88.75908903
8.02930410	-88.26482545
8.03663011	-94.96600812
8.04395612	-77.97658244
8.05128213	-84.47166671
8.05860813	-77.60229574
8.06593414	-75.73152254
8.07326015	-81.08237878
8.08058615	-81.55079097
8.08791216	-91.34181952
8.09523817	-83.73738540
8.10256418	-82.91065200
8.10989018	-80.97719532
8.11721619	-84.69316772
8.12454220	-82.31805774
8.13186821	-76.66215489
8.13919421	-76.48693767
8.14652022	-74.30444918
8.15384623	-73.18940072
8.16117224	-77.68603236
8.16849824	-82.61706415
8.17582425	-106.16004149
8.18315026	-92.66590421
8.19047627	-86.35947152
8.19780227	-76.40179260
8.20512828	-74.37539352
8.21245429	-72.57833820
8.21978030	-75.24127137
8.22710630	-76.77930033
8.23443231	-79.48510381
8.24175832	-78.79829050
8.24908432	-86.61824897
8.25641033	-78.53486766
8.26373634	-79.40414584
8.27106235	-86.86088014
8.27838835	-80.00737827
8.28571436	-74.31768005
8.29304037	-77.00697902
8.30036638	-80.52771324
8.30769238	-80.33209396
8.31501839	-79.28341540
8.32234440	-76.96036067
8.32967041	-78.81728790
8.33699641	-80.36602802
8.34432242	-85.79187643
8.35164843	-79.45408449
8.35897444	-78.19357201
8.36630044	-74.37721942
8.37362645	-76.90817273
8.38095246	-72.47903872
8.38827847	-77.51564603
8.39560447	-77.88640579
8.40293048	-89.66359755
8.41025649	-84.40404042
8.41758249	-82.50835797
8.42490850	-81.95443461
8.43223451	-87.57597297
8.43956052	-77.91267158
8.44688652	-76.57215423
8.45421253	-90.34220738
8.46153854	-79.14184691
8.46886455	-79.87852615
8.47619055	-92.53870691
8.48351656	-79.54525447
8.49084257	-86.30204165
8.49816858	-82.62329892
8.50549458	-77.93134590
8.51282059	-75.77498996
8.52014660	-71.40011117
8.52747261	-74.35274941
8.53479861	-75.95549911
8.54212462	-83.08690912
8.54945063	-82.35126669
8.55677664	-75.08232985
8.56410264	-82.07071069
8.57142865	-78.01802287
8.57875466	-81.76631184
8.58608066	-79.17829673
8.59340667	-76.12680343
8.60073268	-80.05294742
8.60805869	-78.99054751
8.61538469	-77.34363815
8.62271070	-78.77815575
8.63003671	-81.55380738
8.63736272	-75.50055395
8.64468872	-75.53002476
8.65201473	-81.21604573
8.65934074	-75.31311187
8.66666675	-91.25746725
8.67399275	-82.38362781
8.68131876	-105.10238172
8.68864477	-85.98575994
8.69597078	-81.21591061
8.70329678	-80.45936777
8.71062279	-75.60502464
8.71794880	-75.80634043
8.72527481	-86.48938498
8.73260081	-74.45310190
8.73992682	-80.46333531
8.74725283	-81.93284925
8.75457883	-81.95294374
8.76190484	-82.45995042
8.76923085	-86.02743701
8.77655686	-92.40815796
8.78388286	-82.51452910
8.79120887	-88.95775140
8.79853488	-81.67369357
8.80586089	-91.55105834
8.81318689	-82.46567305
8.82051290	-87.63350229
8.82783891	-76.74645801
8.83516492	-75.76128943
8.84249092	-85.54756744
8.84981693	-86.15324994
8.85714294	-80.32366799
8.86446895	-76.99708444
8.87179495	-101.41106224
8.87912096	-80.01917288
8.88644697	-80.01363788
8.89377298	-80.57583981
8.90109898	-89.68883813
8.90842499	-80.29082487
8.91575100	-76.28898212
8.92307700	-82.43751904
8.93040301	-79.90343653
8.93772902	-78.11405926
8.94505503	-82.01144664
8.95238103	-90.75490566
8.95970704	-82.83037494
8.96703305	-87.98377792
8.97435906	-79.80199918
8.98168506	-86.02495029
8.98901107	-72.97602400
8.99633708	-80.21142759
9.00366309	-75.25556008
9.01098909	-79.02160367
9.01831510	-86.78396113
9.02564111	-76.37301786
9.03296712	-77.92748561
9.04029312	-84.41719186
9.04761913	-76.17237638
9.05494514	-81.18740412
9.06227115	-78.10795015
9.06959715	-90.68590605
9.07692316	-90.99921259
9.08424917	-78.51645189
9.09157517	-81.54620862
9.09890118	-84.52556517
9.10622719	-74.54265239
9.11355320	-80.89461662
9.12087920	-76.57879075
9.12820521	-87.92459100
9.13553122	-77.47068767
9.14285723	-84.72774781
9.15018323	-78.46136876
9.15750924	-81.58245300
9.16483525	-84.50418317
9.17216126	-72.08525282
9.17948726	-77.27039275
9.18681327	-84.93286755
9.19413928	-86.11725471
9.20146529	-83.72293584
9.20879129	-74.29606291
9.21611730	-77.92028867
9.22344331	-85.20003806
9.23076932	-82.00352876
9.23809532	-77.15543285
9.24542133	-79.19298549
9.25274734	-81.51758240
9.26007334	-83.79001794
9.26739935	-82.20600754
9.27472536	-92.62346931
9.28205137	-90.22181787
9.28937737	-82.31245972
9.29670338	-83.91654550
9.30402939	-76.85178036
9.31135540	-81.40743806
9.31868140	-71.75867398
9.32600741	-81.09851779
9.33333342	-74.33936411
9.34065943	-73.72501277
9.34798543	-77.96999871
9.35531144	-75.95924582
9.36263745	-79.53602052
9.36996346	-80.83275442
9.37728946	-74.30688291
9.38461547	-79.37644183
9.39194148	-85.38271774
9.39926749	-80.84293719
9.40659349	-88.54174853
9.41391950	-88.16992335
9.42124551	-83.22968668
9.42857152	-79.56691342
9.43589752	-90.94270323
9.44322353	-83.95388160
9.45054954	-79.72427167
9.45787554	-81.87828555
9.46520155	-88.21490428
9.47252756	-85.50453616
9.47985357	-86.47085027
9.48717957	-88.01010702
9.49450558	-83.31493949
9.50183159	-78.90947076
9.50915760	-79.08980689
9.51648360	-90.92214664
9.52380961	-82.25160732
9.53113562	-79.41247304
9.53846163	-86.38638149
9.54578763	-82.63862107
9.55311364	-87.56105218
9.56043965	-83.14380982
9.56776566	-89.26609271
9.57509166	-77.76537915
9.58241767	-79.32191020
9.58974368	-83.76736632
9.59706969	-79.72190735
9.60439569	-79.24178795
9.61172170	-77.33647033
9.61904771	-84.65121752
9.62637371	-83.43569041
9.63369972	-85.01982622
9.64102573	-90.35658507
9.64835174	-83.95577394
9.65567774	-88.29682286
9.66300375	-86.94495788
9.67032976	-82.48683725
9.67765577	-81.38605133
9.68498177	-83.33523755
9.69230778	-75.27604204
9.69963379	-87.12345759
9.70695980	-75.83961673
9.71428580	-79.64150120
9.72161181	-75.65012761
9.72893782	-91.19299740
9.73626383	-84.37702357
9.74358983	-89.61453203
9.75091584	-87.47723379
9.75824185	-82.31221614
9.76556786	-77.19654467
9.77289386	-80.96358989
9.78021987	-75.72864077
9.78754588	-79.24373910
9.79487188	-85.65521331
9.80219789	-78.91451009
9.80952390	-84.17504930
9.81684991	-84.03279367
9.82417591	-79.02207404
9.83150192	-80.53050725
9.83882793	-75.03910269
9.84615394	-79.71204037
9.85347994	-73.42200486
9.86080595	-73.71280632
9.86813196	-82.60261943
9.87545797	-94.91239451
9.88278397	-75.78866210
9.89010998	-81.77625568
9.89743599	-79.30051804
9.90476200	-82.28746834
9.91208800	-72.37866075
9.91941401	-72.15622055
9.92674002	-77.08349385
9.93406603	-81.16853258
9.94139203	-86.65909547
9.94871804	-89.17302773
9.95604405	-82.31562316
9.96337005	-77.51760647
9.97069606	-80.93106933
9.97802207	-79.71818538
9.98534808	-76.84293266
9.99267408	-85.41853581
10.00000009	-79.93700773
10.00732610	-81.38151918
10.01465211	-84.60573654
10.02197811	-78.13943416
10.02930412	-76.94953900
10.03663013	-76.81875022
10.04395614	-75.00978695
10.05128214	-81.49051690
10.05860815	-82.59373748
10.06593416	-91.84910987
10.07326017	-77.74419306
10.08058617	-73.42376638
10.08791218	-74.35963681
10.09523819	-82.40958357
10.10256420	-79.30251050
10.10989020	-76.49541891
10.11721621	-84.74794775
10.12454222	-80.97653232
10.13186822	-76.22168409
10.13919423	-83.60391378
10.14652024	-82.35245455
10.15384625	-82.13871975
10.16117225	-75.85213515
10.16849826	-85.85064004
10.17582427	-91.13138275
10.18315028	-79.14180386
10.19047628	-81.82959703
10.19780229	-81.92132835
10.20512830	-93.54171828
10.21245431	-84.47408800
10.21978031	-89.75620148
10.22710632	-82.69272226
10.23443233	-75.67096250
10.24175834	-74.15793176
10.24908434	-90.83452407
10.25641035	-86.72685534
10.26373636	-96.30409727
10.27106237	-76.89127096
10.27838837	-73.37510087
10.28571438	-78.78545341
10.29304039	-83.25418191
10.30036639	-80.57741510
10.30769240	-88.24445081
10.31501841	-76.21320687
10.32234442	-81.11571697
10.32967042	-75.25939402
10.33699643	-83.48155721
10.34432244	-77.78891375
10.35164845	-80.58406700
10.35897445	-84.52499493
10.36630046	-85.68611956
10.37362647	-82.23069131
10.38095248	-74.45367922
10.38827848	-75.39065466
10.39560449	-89.96153006
10.40293050	-80.89087879
10.41025651	-80.09767485
10.41758251	-81.49876973
10.42490852	-90.62885665
10.43223453	-99.10974512
10.43956054	-82.18901342
10.44688654	-78.61647369
10.45421255	-82.91133521
10.46153856	-81.67504224
10.46886456	-80.12415631
10.47619057	-81.87613975
10.48351658	-78.44635530
10.49084259	-76.96998359
10.49816859	-79.90749616
10.50549460	-83.05357758
10.51282061	-76.68159851
10.52014662	-80.10696347
10.52747262	-72.77626669
10.53479863	-83.89278299
10.54212464	-77.37237439
10.54945065	-77.31763759
10.55677665	-79.90530059
10.56410266	-81.84545937
10.57142867	-81.48771673
10.57875468	-80.96803531
10.58608068	-78.04974954
10.59340669	-82.76344554
10.60073270	-79.13750359
10.60805871	-83.95432512
10.61538471	-83.14440808
10.62271072	-76.66739760
10.63003673	-80.10528743
10.63736273	-79.12140832
10.64468874	-75.77454904
10.65201475	-79.95277235
10.65934076	-76.21005661
10.66666676	-73.91828789
10.67399277	-73.17468714
10.68131878	-94.84958955
10.68864479	-89.02010873
10.69597079	-84.25202071
10.70329680	-83.91621104
10.71062281	-76.58406473
10.71794882	-80.95952442
10.72527482	-87.94573530
10.73260083	-80.94259286
10.73992684	-78.55166220
10.74725285	-83.77257690
10.75457885	-105.06974781
10.76190486	-82.81048145
10.76923087	-77.33535225
10.77655688	-85.22402429
10.78388288	-81.08201107
10.79120889	-74.94578573
10.79853490	-82.89718395
10.80586090	-81.01313964
10.81318691	-78.81280666
10.82051292	-83.62620264
10.82783893	-86.78284441
10.83516493	-84.03009215
10.84249094	-79.50685287
10.84981695	-78.10105107
10.85714296	-84.70755961
10.86446896	-83.28650969
10.87179497	-83.37744557
10.87912098	-81.42926473
10.88644699	-82.15599001
10.89377299	-76.16876411
10.90109900	-83.79554282
10.90842501	-79.88198402
10.91575102	-80.62485818
10.92307702	-78.09969042
10.93040303	-83.60639051
10.93772904	-82.83455609
10.94505505	-77.69350517
10.95238105	-78.46792225
10.95970706	-84.78428531
10.96703307	-78.96626260
10.97435907	-90.78630935
10.98168508	-85.38631391
10.98901109	-75.39506512
10.99633710	-73.30976698
11.00366310	-84.77309610
11.01098911	-89.12081912
11.01831512	-87.10804982
11.02564113	-84.88339460
11.03296713	-86.81256545
11.04029314	-79.46932359
11.04761915	-81.95678443
11.05494516	-75.99752758
11.06227116	-80.50268133
11.06959717	-85.15772556
11.07692318	-86.50364190
11.08424919	-86.95648332
11.09157519	-79.14123957
11.09890120	-91.47385710
11.10622721	-76.92768825
11.11355322	-83.24288072
11.12087922	-79.26507150
11.12820523	-75.74072291
11.13553124	-80.73596074
11.14285725	-78.29332346
11.15018325	-92.98015610
11.15750926	-79.80000354
11.16483527	-83.14214643
11.17216127	-77.02666566
11.17948728	-74.77492216
11.18681329	-79.30046398
11.19413930	-79.41787184
11.20146530	-87.12031220
11.20879131	-88.64121421
11.21611732	-80.13362526
11.22344333	-83.77175312
11.23076933	-84.98955945
11.23809534	-82.35965735
11.24542135	-78.26189137
11.25274736	-75.39788290
11.26007336	-72.66749593
11.26739937	-78.09046240
11.27472538	-85.40441891
11.28205139	-78.08156546
11.28937739	-80.65280103
11.29670340	-80.04857256
11.30402941	-82.00879210
11.31135542	-78.03593939
11.31868142	-81.67968241
11.32600743	-90.96547491
11.33333344	-79.82992264
11.34065944	-76.32036039
11.34798545	-85.61015804
11.35531146	-86.22451446
11.36263747	-79.83352363
11.36996347	-82.26167848
11.37728948	-74.65911323
11.38461549	-80.90684740
11.39194150	-82.88836931
11.39926750	-79.01804947
11.40659351	-76.94973224
11.41391952	-79.41324158
11.42124553	-88.23173188
11.42857153	-83.13025905
11.43589754	-79.60409672
11.44322355	-89.31231609
11.45054956	-100.31330289
11.45787556	-75.30181123
11.46520157	-73.71868594
11.47252758	-76.89151493
11.47985359	-80.97117527
11.48717959	-80.67977158
11.49450560	-74.48692289
11.50183161	-74.33159190
11.50915761	-83.77213769
11.51648362	-83.22630022
11.52380963	-81.48619701
11.53113564	-85.92736803
11.53846164	-85.22920258
11.54578765	-82.36194549
11.55311366	-83.86669707
11.56043967	-109.33800959
11.56776567	-90.82948180
11.57509168	-83.43977129
11.58241769	-79.44097950
11.58974370	-82.59852429
11.59706970	-82.44946719
11.60439571	-81.89597452
11.61172172	-77.69112055
11.61904773	-72.96754153
11.62637373	-83.66445017
11.63369974	-86.30188397
11.64102575	-75.34140124
11.64835176	-81.41611396
11.65567776	-91.09921248
11.66300377	-78.74565568
11.67032978	-83.07342787
11.67765578	-83.91938952
11.68498179	-84.79733819
11.69230780	-77.40198320
11.69963381	-80.49588198
11.70695981	-80.64838797
11.71428582	-81.47941625
11.72161183	-87.22250191
11.72893784	-86.47600403
11.73626384	-82.25431820
11.74358985	-80.41373885
11.75091586	-82.28072132
11.75824187	-79.98461531
11.76556787	-82.07143855
11.77289388	-99.69597550
11.78021989	-87.36409392
11.78754590	-76.99916208
11.79487190	-78.34741124
11.80219791	-81.04451432
11.80952392	-92.35245477
11.81684993	-78.39233150
11.82417593	-80.31491273
11.83150194	-80.41413167
11.83882795	-80.65546631
11.84615395	-75.53023281
11.85347996	-74.33056191
11.86080597	-77.70185098
11.86813198	-81.57501032
11.87545798	-78.27259875
11.88278399	-77.81858450
11.89011000	-79.50131191
11.89743601	-83.32100267
11.90476201	-81.02360449
11.91208802	-77.72177091
11.91941403	-91.12336700
11.92674004	-79.96635330
11.93406604	-77.41075840
11.94139205	-81.86620351
11.94871806	-83.22828861
11.95604407	-83.39178252
11.96337007	-90.82608545
11.97069608	-73.50764149
11.97802209	-80.19529860
11.98534810	-73.32153648
11.99267410	-80.75786171
12.00000011	-91.83551512
12.00732612	-76.22373376
12.01465212	-74.50883993
12.02197813	-82.31368580
12.02930414	-76.22574338
12.03663015	-75.44568154
12.04395615	-80.79174118
12.05128216	-82.16873323
12.05860817	-76.65137809
12.06593418	-78.39209238
12.07326018	-76.73456235
12.08058619	-81.94266926
12.08791220	-75.63727017
12.09523821	-86.37917301
12.10256421	-75.80963964
12.10989022	-74.21010662
12.11721623	-85.50094122
12.12454224	-76.35892098
12.13186824	-80.44716800
12.13919425	-83.21287893
12.14652026	-79.76069818
12.15384627	-80.23279400
12.16117227	-75.50513490
12.16849828	-90.99223720
12.17582429	-75.84672729
12.18315029	-83.37589418
12.19047630	-77.83098645
12.19780231	-84.19332148
12.20512832	-101.54622456
12.21245432	-77.89043322
12.21978033	-73.09486164
12.22710634	-72.15372183
12.23443235	-72.95793146
12.24175835	-81.80036282
12.24908436	-90.54069979
12.25641037	-89.97374932
12.26373638	-79.91243142
12.27106238	-79.61697427
12.27838839	-74.68019109
12.28571440	-72.37501289
12.29304041	-72.85384373
12.30036641	-81.95851941
12.30769242	-94.41750020
12.31501843	-89.90116539
12.32234444	-81.42527803
12.32967044	-80.95965446
12.33699645	-80.38345467
12.34432246	-80.13804867
12.35164846	-80.66913509
12.35897447	-94.98740986
12.36630048	-84.34390132
12.37362649	-86.83766878
12.38095249	-79.80496231
12.38827850	-79.77733455
12.39560451	-90.57051415
12.40293052	-78.06126358
12.41025652	-74.88692516
12.41758253	-74.85059080
12.42490854	-78.65929717
12.43223455	-89.13253345
12.43956055	-73.74323901
12.44688656	-83.13661308
12.45421257	-75.96301541
12.46153858	-86.62384030
12.46886458	-86.77256814
12.47619059	-87.53966863
12.48351660	-103.92138242
12.49084261	-84.75970521
12.49816861	-87.27011474
12.50549462	-78.31582640
12.51282063	-86.27019438
12.52014663	-76.12591676
12.52747264	-88.18438708
12.53479865	-75.97144226
12.54212466	-82.38985029
12.54945066	-77.05578366
12.55677667	-83.11961087
12.56410268	-78.73140050
12.57142869	-80.91789136
12.57875469	-83.19739620
12.58608070	-79.64409427
12.59340671	-73.92339194
12.60073272	-74.27446153
12.60805872	-76.19637814
12.61538473	-83.08897077
12.62271074	-80.62493830
12.63003675	-80.40070073
12.63736275	-93.74723867
12.64468876	-76.50401713
12.65201477	-73.18358074
12.65934078	-74.90805241
12.66666678	-77.07349988
12.67399279	-74.79905756
12.68131880	-85.92992642
12.68864480	-82.87536693
12.69597081	-75.47770732
12.70329682	-86.38608885
12.71062283	-78.33411778
12.71794883	-84.57177075
12.72527484	-81.49044167
12.73260085	-79.12681187
12.73992686	-79.12250211
12.74725286	-86.65055040
12.75457887	-80.40766847
12.76190488	-85.69428960
12.76923089	-84.96811540
12.77655689	-79.99881299
12.78388290	-80.69156775
12.79120891	-78.34427048
12.79853492	-78.97918300
12.80586092	-81.24226553
12.81318693	-80.22955750
12.82051294	-95.09880836
12.82783895	-75.78727491
12.83516495	-84.01285016
12.84249096	-75.60957798
12.84981697	-76.08634004
12.85714298	-78.13940848
12.86446898	-91.46894747
12.87179499	-83.21230515
12.87912100	-76.53763968
12.88644700	-86.97327193
12.89377301	-80.10632448
12.90109902	-87.76187398
12.90842503	-83.67237141
12.91575103	-93.26658479
12.92307704	-79.38272474
12.93040305	-74.81742726
12.93772906	-74.22307591
12.94505506	-76.57314044
12.95238107	-78.43119451
12.95970708	-77.47170134
12.96703309	-82.03423936
12.97435909	-88.73532693
12.98168510	-86.18457309
12.98901111	-76.21326120
12.99633712	-76.00394998
13.00366312	-85.08852442
13.01098913	-75.19995503
13.01831514	-72.63651539
13.02564115	-78.49761161
13.03296715	-95.95038859
13.04029316	-76.21161621
13.04761917	-80.43545746
13.05494517	-75.71107980
13.06227118	-80.36715790
13.06959719	-81.73643910
13.07692320	-73.77314834
13.08424920	-83.86118181
13.09157521	-77.69569097
13.09890122	-78.42315993
13.10622723	-87.29569502
13.11355323	-79.53755348
13.12087924	-83.96881592
13.12820525	-74.14847701
13.13553126	-81.20109389
13.14285726	-87.09863184
13.15018327	-79.87307522
13.15750928	-83.01350292
13.16483529	-89.15931739
13.17216129	-92.48835839
13.17948730	-84.51952516
13.18681331	-80.46644841
13.19413932	-87.34612160
13.20146532	-94.59613773
13.20879133	-79.75372297
13.21611734	-85.12211504
13.22344334	-83.20759917
13.23076935	-85.81965618
13.23809536	-81.61513908
13.24542137	-74.96134550
13.25274737	-72.41030085
13.26007338	-83.08316736
13.26739939	-86.54639299
13.27472540	-84.73762782
13.28205140	-83.25975036
13.28937741	-86.09153129
13.29670342	-79.17569862
13.30402943	-82.48830189
13.31135543	-75.66800761
13.31868144	-73.92780233
13.32600745	-85.62976749
13.33333346	-80.79934467
13.34065946	-83.93966267
13.34798547	-81.85832887
13.35531148	-80.39557954
13.36263749	-102.09982763
13.36996349	-85.80569491
13.37728950	-81.05821022
13.38461551	-77.92321510
13.39194151	-78.62242162
13.39926752	-78.93362314
13.40659353	-92.23517474
13.41391954	-80.62126076
13.42124554	-78.20640273
13.42857155	-84.69135861
13.43589756	-87.81762446
13.44322357	-82.11511077
13.45054957	-88.60205449
13.45787558	-80.43706219
13.46520159	-82.95545887
13.47252760	-79.03703306
13.47985360	-83.47743064
13.48717961	-82.32273518
13.49450562	-85.19045070
13.50183163	-82.72883211
13.50915763	-77.86848988
13.51648364	-71.45638959
13.52380965	-80.56854630
13.53113566	-75.40636260
13.53846166	-84.94147351
13.54578767	-81.52561057
13.55311368	-87.32877552
13.56043968	-90.19448938
13.56776569	-79.72381455
13.57509170	-84.60612240
13.58241771	-82.80719664
13.58974371	-77.51515139
13.59706972	-85.41865955
13.60439573	-73.98772675
13.61172174	-75.05191742
13.61904774	-83.61135127
13.62637375	-98.49224766
13.63369976	-84.78978530
13.64102577	-80.68352031
13.64835177	-80.53796089
13.65567778	-74.21852404
13.66300379	-85.71194437
13.67032980	-79.54596601
13.67765580	-73.43023243
13.68498181	-80.88451786
13.69230782	-78.69225070
13.69963383	-73.90325344
13.70695983	-76.71187443
13.71428584	-81.62744908
13.72161185	-91.37780860
13.72893785	-82.44396058
13.73626386	-89.25060311
13.74358987	-89.63460025
13.75091588	-83.00335896
13.75824188	-74.88077640
13.76556789	-76.89174153
13.77289390	-90.94699917
13.78021991	-86.44532579
13.78754591	-84.55243725
13.79487192	-78.81515203
13.80219793	-79.45124265
13.80952394	-79.95026221
13.81684994	-88.53559142
13.82417595	-86.43091101
13.83150196	-84.35504696
13.83882797	-82.00140062
13.84615397	-82.97083973
13.85347998	-81.09950643
13.86080599	-78.25233270
13.86813200	-79.44147982
13.87545800	-84.30446420
13.88278401	-78.67354448
13.89011002	-81.05553610
13.89743602	-85.65761723
13.90476203	-84.88987816
13.91208804	-78.41437402
13.91941405	-78.67777041
13.92674005	-76.50386054
13.93406606	-77.04152832
13.94139207	-71.83789432
13.94871808	-80.66676789
13.95604408	-92.83689943
13.96337009	-94.05095373
13.97069610	-80.97831480
13.97802211	-79.97568863
13.98534811	-80.65467680
13.99267412	-84.97048850
14.00000013	-86.15232467
14.00732614	-78.50760455
14.01465214	-85.26684253
14.02197815	-86.12346791
14.02930416	-79.78994635
14.03663017	-84.67846387
14.04395617	-78.98579267
14.05128218	-74.05752989
14.05860819	-77.09657585
14.06593419	-82.58440716
14.07326020	-75.60621647
14.08058621	-82.19621577
14.08791222	-89.79697166
14.09523822	-81.34298226
14.10256423	-85.08097003
14.10989024	-77.20953012
14.11721625	-80.51484208
14.12454225	-85.55242028
14.13186826	-79.56496803
14.13919427	-78.25726802
14.14652028	-90.09476522
14.15384628	-103.25129832
14.16117229	-83.57049826
14.16849830	-78.78382874
14.17582431	-87.68057325
14.18315031	-79.66949483
14.19047632	-77.12519225
14.19780233	-76.29967024
14.20512834	-86.59996227
14.21245434	-77.43038620
14.21978035	-80.74929780
14.22710636	-82.16981465
14.23443236	-79.22014839
14.24175837	-90.32742486
14.24908438	-82.19806808
14.25641039	-80.51049389
14.26373639	-75.94028784
14.27106240	-80.69956142
14.27838841	-80.60731819
14.28571442	-84.12565213
14.29304042	-77.67728286
14.30036643	-82.46777387
14.30769244	-78.73297745
14.31501845	-80.12310272
14.32234445	-83.30874370
14.32967046	-79.38854451
14.33699647	-88.40297741
14.34432248	-76.22020737
14.35164848	-80.35487650
14.35897449	-80.96547889
14.36630050	-85.23362341
14.37362651	-82.42102575
14.38095251	-83.97091720
14.38827852	-79.43017362
14.39560453	-85.84301992
14.40293053	-82.13219730
14.41025654	-85.09306671
14.41758255	-85.24747911
14.42490856	-81.17694312
14.43223456	-74.43938545
14.43956057	-74.26582287
14.44688658	-80.48674035
14.45421259	-86.02232832
14.46153859	-86.52195462
14.46886460	-78.44908867
14.47619061	-73.48362764
14.48351662	-84.38772652
14.49084262	-81.13814317
14.49816863	-81.00051786
14.50549464	-78.14919689
14.51282065	-85.76301874
14.52014665	-75.82128968
14.52747266	-80.98282833
14.53479867	-81.68511638
14.54212468	-84.52073071
14.54945068	-79.46833577
14.55677669	-79.50565797
14.56410270	-86.50520294
14.57142871	-77.84358929
14.57875471	-79.42823542
14.58608072	-81.10085049
14.59340673	-80.51501456
14.60073273	-80.56018871
14.60805874	-78.60130253
14.61538475	-77.29280216
14.62271076	-94.31091555
14.63003676	-81.15147639
14.63736277	-84.30607652
14.64468878	-80.65791791
14.65201479	-84.15984980
14.65934079	-76.36943189
14.66666680	-73.63823046
14.67399281	-78.79236464
14.68131882	-86.95085352
14.68864482	-85.30232512
14.69597083	-98.24673968
14.70329684	-82.63278888
14.71062285	-76.61758777
14.71794885	-82.80532954
14.72527486	-77.94949833
14.73260087	-77.95235127
14.73992688	-79.57872349
14.74725288	-83.77355893
14.75457889	-79.74802684
14.76190490	-90.39211256
14.76923090	-76.09743380
14.77655691	-75.81699209
14.78388292	-75.99896199
14.79120893	-79.71932955
14.79853493	-82.70340096
14.80586094	-76.79522766
14.81318695	-76.56556329
14.82051296	-83.08731122
14.82783896	-77.78171494
14.83516497	-89.75156541
14.84249098	-79.28630195
14.84981699	-84.32775477
14.85714299	-74.62233110
14.86446900	-79.00311084
14.87179501	-74.65548964
14.87912102	-81.75008708
14.88644702	-78.19245784
14.89377303	-77.92877604
14.90109904	-88.15250897
14.90842505	-89.00070043
14.91575105	-77.51237939
14.92307706	-73.83140097
14.93040307	-78.13835539
14.93772907	-84.04811893
14.94505508	-77.41657494
14.95238109	-83.40570300
14.95970710	-77.91953011
14.96703310	-90.85801970
14.97435911	-78.15153469
14.98168512	-84.06605705
14.98901113	-84.23203614
14.99633713	-82.53235492
