# Menlo Systems GmbH ScanControl
# Program Version 1.3.3
# Start: -229.30000000 ps, Average over 300 waveforms. Timestamp: 2023-05-26T11:53:18
# Window type: Tukey, parameters: alpha = 0.1
# User time axis shift: 0 ps
# Frequency [THz]	THz Signal [a.u.]
0.00000000	-21.49110728
0.00732601	-32.88051593
0.01465201	-25.36455064
0.02197802	-26.10939609
0.02930403	-32.39391276
0.03663004	-31.54382917
0.04395604	-19.86994292
0.05128205	-18.10119135
0.05860806	-28.74485033
0.06593407	-28.24150460
0.07326007	-15.22790867
0.08058608	-14.75141344
0.08791209	-20.60153684
0.09523810	-11.85381968
0.10256410	-11.76729474
0.10989011	-18.76944335
0.11721612	-8.93970048
0.12454213	-9.35526756
0.13186813	-9.05408985
0.13919414	-10.85820156
0.14652015	-7.26984121
0.15384616	-7.30192833
0.16117216	-7.98254393
0.16849817	-5.79496247
0.17582418	-4.82202733
0.18315018	-5.72666979
0.19047619	-6.36959192
0.19780220	-3.84131895
0.20512821	-3.50563989
0.21245421	-5.49322994
0.21978022	-4.49146988
0.22710623	-1.97853411
0.23443224	-2.12400490
0.24175824	-4.75099187
0.24908425	-1.84649721
0.25641026	-1.01148321
0.26373627	-2.38437541
0.27106227	-2.76268160
0.27838828	-0.38056370
0.28571429	-1.68185999
0.29304030	-1.82652804
0.30036630	-0.84135413
0.30769231	-0.69788917
0.31501832	-1.38759111
0.32234433	-1.04839036
0.32967033	-0.26839344
0.33699634	-0.45796285
0.34432235	-0.82570268
0.35164835	-0.18036091
0.35897436	0.21494004
0.36630037	-0.49758420
0.37362638	-0.05144798
0.38095238	0.18895274
0.38827839	0.31773781
0.39560440	0.13786878
0.40293041	0.39307386
0.41025641	0.27340224
0.41758242	0.21132143
0.42490843	0.18516020
0.43223444	-0.01443220
0.43956044	-0.23215395
0.44688645	-0.05534324
0.45421246	0.11889910
0.46153847	-0.29372249
0.46886447	-0.03233565
0.47619048	-0.27397852
0.48351649	-0.18509539
0.49084250	-0.32394014
0.49816850	-0.16343387
0.50549451	-0.32998396
0.51282052	-0.42647800
0.52014652	-0.16267997
0.52747253	-0.90258720
0.53479854	-0.70122990
0.54212455	-0.65066694
0.54945055	-1.75258560
0.55677656	-5.10514316
0.56410257	-2.74949771
0.57142858	-2.09380152
0.57875458	-1.53220831
0.58608059	-2.44974310
0.59340660	-2.18122070
0.60073261	-1.96120132
0.60805861	-2.91589719
0.61538462	-2.41995338
0.62271063	-2.46331409
0.63003664	-2.92876470
0.63736264	-2.45965843
0.64468865	-2.80721394
0.65201466	-2.86239636
0.65934067	-2.61851684
0.66666667	-3.27046572
0.67399268	-2.99542861
0.68131869	-3.24641484
0.68864469	-3.95464187
0.69597070	-3.46811123
0.70329671	-4.19637112
0.71062272	-4.76281592
0.71794872	-4.21456320
0.72527473	-5.68852769
0.73260074	-5.11043348
0.73992675	-5.75654036
0.74725275	-6.99247573
0.75457876	-8.21546176
0.76190477	-6.67874794
0.76923078	-6.33715696
0.77655678	-6.21456345
0.78388279	-6.83829850
0.79120880	-6.42630044
0.79853481	-6.93817415
0.80586081	-7.18041882
0.81318682	-7.34037598
0.82051283	-8.00088004
0.82783884	-7.80041362
0.83516484	-8.76422407
0.84249085	-8.44498236
0.84981686	-9.13893415
0.85714286	-9.31124737
0.86446887	-9.25001898
0.87179488	-9.98048762
0.87912089	-9.42677945
0.88644689	-10.18008498
0.89377290	-9.85625420
0.90109891	-9.83812213
0.90842492	-10.32055559
0.91575092	-10.14045998
0.92307693	-10.56816101
0.93040294	-10.79919715
0.93772895	-10.67330207
0.94505495	-11.34015972
0.95238096	-11.28095255
0.95970697	-11.77441452
0.96703298	-12.24955292
0.97435898	-12.58695252
0.98168499	-12.99713805
0.98901100	-15.24746424
0.99633701	-13.39771198
1.00366301	-13.52643582
1.01098902	-13.47547073
1.01831503	-13.17069407
1.02564103	-13.95069511
1.03296704	-13.35105993
1.04029305	-13.73735046
1.04761906	-14.16590475
1.05494506	-13.63658249
1.06227107	-14.73176760
1.06959708	-14.50082157
1.07692309	-14.91210330
1.08424909	-16.29244816
1.09157510	-17.62821984
1.09890111	-40.09074018
1.10622712	-19.00470272
1.11355312	-20.73232821
1.12087913	-18.61034345
1.12820514	-16.46728361
1.13553115	-17.90825197
1.14285715	-16.99244040
1.15018316	-18.68461150
1.15750917	-22.32071170
1.16483518	-35.85298517
1.17216118	-20.11307684
1.17948719	-17.97674865
1.18681320	-17.78313894
1.19413920	-18.48803366
1.20146521	-18.39348111
1.20879122	-24.04252499
1.21611723	-19.60478490
1.22344323	-20.26075748
1.23076924	-23.41014571
1.23809525	-19.99968014
1.24542126	-20.14626994
1.25274726	-19.49934439
1.26007327	-19.89543785
1.26739928	-19.54698947
1.27472529	-19.93570109
1.28205129	-19.90251828
1.28937730	-20.03897289
1.29670331	-20.37974100
1.30402932	-19.96425987
1.31135532	-20.74602144
1.31868133	-20.59924589
1.32600734	-21.56906867
1.33333335	-21.46959112
1.34065935	-21.78099431
1.34798536	-22.25686029
1.35531137	-22.04229839
1.36263737	-22.63594679
1.36996338	-22.46028968
1.37728939	-22.81588043
1.38461540	-23.25610673
1.39194140	-23.02963809
1.39926741	-23.80592588
1.40659342	-26.35600261
1.41391943	-35.90880810
1.42124543	-25.00645798
1.42857144	-23.65662655
1.43589745	-24.61349448
1.44322346	-23.66315801
1.45054946	-24.98340088
1.45787547	-24.57442754
1.46520148	-25.07255242
1.47252749	-25.74665122
1.47985349	-25.13734170
1.48717950	-26.06029637
1.49450551	-25.91864856
1.50183152	-26.04698941
1.50915752	-26.59058231
1.51648353	-25.84630304
1.52380954	-27.09021505
1.53113555	-26.27381038
1.53846155	-27.28511374
1.54578756	-27.30438727
1.55311357	-27.03571530
1.56043957	-27.90915501
1.56776558	-27.53492902
1.57509159	-28.21845297
1.58241760	-28.56599242
1.58974360	-28.90915288
1.59706961	-30.01309004
1.60439562	-35.39974928
1.61172163	-30.47024107
1.61904763	-30.29644027
1.62637364	-30.10366104
1.63369965	-30.90094671
1.64102566	-30.97057537
1.64835166	-32.03030992
1.65567767	-35.27294528
1.66300368	-52.97126129
1.67032969	-54.64073801
1.67765569	-43.42841826
1.68498170	-35.02252789
1.69230771	-33.54184238
1.69963372	-33.94978478
1.70695972	-35.09125674
1.71428573	-46.64131029
1.72161174	-51.85937428
1.72893774	-37.00688265
1.73626375	-34.47442834
1.74358976	-34.03679968
1.75091577	-34.18955166
1.75824177	-34.62387843
1.76556778	-37.09743910
1.77289379	-34.82755884
1.78021980	-35.41746177
1.78754580	-35.66845439
1.79487181	-39.56034853
1.80219782	-40.00744276
1.80952383	-36.05808430
1.81684983	-36.25118220
1.82417584	-36.00491351
1.83150185	-36.32936117
1.83882786	-36.43012471
1.84615386	-36.64925728
1.85347987	-37.23773095
1.86080588	-38.15390379
1.86813189	-47.70655319
1.87545789	-41.84332822
1.88278390	-38.68078160
1.89010991	-38.57345526
1.89743591	-38.55258803
1.90476192	-38.81939679
1.91208793	-39.67542180
1.91941394	-46.47451588
1.92673994	-43.11827940
1.93406595	-39.91339336
1.94139196	-39.62861381
1.94871797	-39.82167754
1.95604397	-39.59077507
1.96336998	-39.89072754
1.97069599	-39.73778901
1.97802200	-40.20098788
1.98534800	-40.61743748
1.99267401	-40.87925423
2.00000002	-41.12462488
2.00732603	-41.03275807
2.01465203	-41.86665411
2.02197804	-42.14236725
2.02930405	-42.25832863
2.03663006	-43.59533248
2.04395606	-48.98742579
2.05128207	-43.21469788
2.05860808	-43.16199420
2.06593408	-42.87996401
2.07326009	-45.28850841
2.08058610	-45.77585781
2.08791211	-43.05093058
2.09523811	-43.25471005
2.10256412	-43.16935646
2.10989013	-43.42599905
2.11721614	-43.56099286
2.12454214	-44.11201429
2.13186815	-44.33833863
2.13919416	-45.03512900
2.14652017	-45.66226739
2.15384617	-46.38927521
2.16117218	-51.84373658
2.16849819	-66.74254305
2.17582420	-50.07608416
2.18315020	-47.42846180
2.19047621	-48.71312702
2.19780222	-61.44110591
2.20512823	-51.83475623
2.21245423	-48.28337590
2.21978024	-52.48406476
2.22710625	-59.95389285
2.23443225	-49.41029433
2.24175826	-48.58606763
2.24908427	-48.74649354
2.25641028	-50.29184610
2.26373628	-58.72745520
2.27106229	-60.87624244
2.27838830	-51.79188944
2.28571431	-50.01206173
2.29304031	-49.70041868
2.30036632	-49.61893735
2.30769233	-49.69205541
2.31501834	-50.05680301
2.32234434	-50.47334560
2.32967035	-50.48577587
2.33699636	-50.71604969
2.34432237	-55.42627516
2.35164837	-55.56811130
2.35897438	-51.90994462
2.36630039	-56.57685916
2.37362640	-56.38802819
2.38095240	-53.29484483
2.38827841	-58.27223040
2.39560442	-80.03051511
2.40293042	-58.60871519
2.41025643	-54.29688161
2.41758244	-54.84738504
2.42490845	-53.61294530
2.43223445	-54.95864112
2.43956046	-53.57067361
2.44688647	-55.03272460
2.45421248	-55.80081844
2.46153848	-61.55553308
2.46886449	-69.52788818
2.47619050	-57.89452009
2.48351651	-55.76539207
2.49084251	-55.79637273
2.49816852	-55.75064606
2.50549453	-55.92330215
2.51282054	-55.16732986
2.52014654	-55.47080028
2.52747255	-56.10974996
2.53479856	-56.25540664
2.54212457	-56.40359705
2.54945057	-56.06835465
2.55677658	-56.19260791
2.56410259	-56.77118617
2.57142859	-56.91353681
2.57875460	-56.72383456
2.58608061	-56.73434811
2.59340662	-57.43568789
2.60073262	-57.27219263
2.60805863	-57.58858188
2.61538464	-57.83931884
2.62271065	-59.88856629
2.63003665	-65.34423794
2.63736266	-89.51567256
2.64468867	-76.18351641
2.65201468	-71.20231757
2.65934068	-62.92857799
2.66666669	-65.62631341
2.67399270	-62.62102847
2.68131871	-61.10360641
2.68864471	-69.28490267
2.69597072	-62.19196781
2.70329673	-60.56784371
2.71062274	-61.15647288
2.71794874	-60.75037368
2.72527475	-60.84316930
2.73260076	-61.24584381
2.73992676	-61.31886606
2.74725277	-60.90622892
2.75457878	-61.40007483
2.76190479	-63.18084087
2.76923079	-72.00147852
2.77655680	-80.46027804
2.78388281	-82.58512793
2.79120882	-64.84301379
2.79853482	-61.90315698
2.80586083	-61.32246675
2.81318684	-60.64511620
2.82051285	-60.86276220
2.82783885	-60.65886112
2.83516486	-61.75036496
2.84249087	-61.99924723
2.84981688	-63.42013517
2.85714288	-61.87138157
2.86446889	-61.53149281
2.87179490	-62.24307970
2.87912091	-67.49409566
2.88644691	-80.32919518
2.89377292	-65.09862693
2.90109893	-61.56274534
2.90842493	-61.62055991
2.91575094	-61.45464116
2.92307695	-61.15128315
2.93040296	-62.09852014
2.93772896	-62.92778734
2.94505497	-63.61640053
2.95238098	-63.64470102
2.95970699	-65.23846419
2.96703299	-75.18800003
2.97435900	-76.34108491
2.98168501	-70.99892986
2.98901102	-66.49460742
2.99633702	-64.69018232
3.00366303	-69.26763205
3.01098904	-82.20332739
3.01831505	-77.02780595
3.02564105	-83.18467030
3.03296706	-66.21647437
3.04029307	-64.64785745
3.04761908	-82.47988368
3.05494508	-65.17097560
3.06227109	-62.68864660
3.06959710	-63.80887341
3.07692310	-64.21931168
3.08424911	-64.28853044
3.09157512	-62.87941137
3.09890113	-62.81359549
3.10622713	-62.40126376
3.11355314	-62.93841067
3.12087915	-63.95708749
3.12820516	-68.63829267
3.13553116	-78.42468269
3.14285717	-75.93886412
3.15018318	-66.50367156
3.15750919	-64.75986601
3.16483519	-70.35006686
3.17216120	-78.12768268
3.17948721	-70.25076595
3.18681322	-69.83112224
3.19413922	-64.65701138
3.20146523	-65.39814136
3.20879124	-64.84830750
3.21611725	-67.56256608
3.22344325	-64.67262367
3.23076926	-70.44216406
3.23809527	-68.34391045
3.24542127	-64.04900675
3.25274728	-63.35572899
3.26007329	-62.70439778
3.26739930	-62.97265016
3.27472530	-63.89563618
3.28205131	-63.66872412
3.28937732	-65.21464070
3.29670333	-63.72465067
3.30402933	-64.81854756
3.31135534	-65.45624067
3.31868135	-65.59292930
3.32600736	-69.16587587
3.33333336	-86.42321711
3.34065937	-78.65208003
3.34798538	-67.06525505
3.35531139	-64.93474312
3.36263739	-64.57064065
3.36996340	-63.67762039
3.37728941	-64.37322767
3.38461542	-64.23031717
3.39194142	-64.36523326
3.39926743	-64.53477002
3.40659344	-64.65659148
3.41391944	-65.99959748
3.42124545	-66.03738917
3.42857146	-65.47444708
3.43589747	-65.44685431
3.44322347	-66.42096334
3.45054948	-66.22801402
3.45787549	-66.10447717
3.46520150	-67.69350879
3.47252750	-67.68280413
3.47985351	-67.68896903
3.48717952	-66.58038789
3.49450553	-66.57784206
3.50183153	-68.26399078
3.50915754	-66.39064655
3.51648355	-64.99146326
3.52380956	-65.93165051
3.53113556	-67.56618748
3.53846157	-72.93653582
3.54578758	-75.36588517
3.55311359	-69.95511259
3.56043959	-70.22587289
3.56776560	-70.00282135
3.57509161	-69.48280429
3.58241761	-72.81916416
3.58974362	-70.05829733
3.59706963	-80.60172330
3.60439564	-82.95099796
3.61172164	-79.00964307
3.61904765	-74.83755369
3.62637366	-71.89102695
3.63369967	-70.02543027
3.64102567	-73.21244511
3.64835168	-84.90501193
3.65567769	-83.01346843
3.66300370	-90.95074436
3.67032970	-82.80691330
3.67765571	-76.00601348
3.68498172	-73.64318810
3.69230773	-75.66700999
3.69963373	-74.51603483
3.70695974	-71.92706364
3.71428575	-71.50745355
3.72161176	-73.01870485
3.72893776	-72.08786858
3.73626377	-75.05873051
3.74358978	-72.31277656
3.75091578	-73.64314203
3.75824179	-72.41852376
3.76556780	-71.89940760
3.77289381	-72.10780445
3.78021981	-80.10333726
3.78754582	-75.11921023
3.79487183	-78.18326499
3.80219784	-110.55151660
3.80952384	-87.55275141
3.81684985	-85.43747514
3.82417586	-82.44048172
3.83150187	-85.02965152
3.83882787	-77.64178164
3.84615388	-75.08012564
3.85347989	-75.75602647
3.86080590	-79.77162092
3.86813190	-74.59021927
3.87545791	-79.84778601
3.88278392	-76.57061275
3.89010993	-75.44101936
3.89743593	-85.13110697
3.90476194	-75.05739786
3.91208795	-81.76980845
3.91941395	-72.90000464
3.92673996	-81.82471183
3.93406597	-77.08571127
3.94139198	-81.10399258
3.94871798	-78.98939331
3.95604399	-84.24627739
3.96337000	-79.92932478
3.97069601	-86.67598482
3.97802201	-82.68392144
3.98534802	-82.57074267
3.99267403	-89.14216701
4.00000004	-89.40304097
4.00732604	-81.02679882
4.01465205	-79.61936256
4.02197806	-90.10363854
4.02930407	-75.20504241
4.03663007	-75.05536299
4.04395608	-80.80555005
4.05128209	-82.58030701
4.05860810	-97.74535451
4.06593410	-77.40673986
4.07326011	-79.48838827
4.08058612	-74.90104183
4.08791212	-77.04288509
4.09523813	-79.85563595
4.10256414	-80.94988992
4.10989015	-85.06388032
4.11721615	-87.69423510
4.12454216	-81.72801763
4.13186817	-78.75783105
4.13919418	-76.71373233
4.14652018	-81.58746808
4.15384619	-83.02960826
4.16117220	-88.13062245
4.16849821	-83.95596185
4.17582421	-85.94880296
4.18315022	-98.40649792
4.19047623	-80.64761242
4.19780224	-79.49570538
4.20512824	-94.98108411
4.21245425	-88.95159952
4.21978026	-86.72204930
4.22710627	-80.75426904
4.23443227	-77.49421497
4.24175828	-81.09495896
4.24908429	-84.75599502
4.25641030	-80.68576568
4.26373630	-79.88762019
4.27106231	-89.65326301
4.27838832	-86.33854099
4.28571432	-85.81833206
4.29304033	-88.87625581
4.30036634	-91.74108179
4.30769235	-81.93426485
4.31501835	-93.12882289
4.32234436	-80.24825130
4.32967037	-83.25342754
4.33699638	-83.91852560
4.34432238	-96.82192939
4.35164839	-88.36869945
4.35897440	-93.53819794
4.36630041	-84.08079321
4.37362641	-85.39406724
4.38095242	-83.81379907
4.38827843	-81.57272972
4.39560444	-81.33562192
4.40293044	-89.74939444
4.41025645	-79.23312751
4.41758246	-91.93190939
4.42490847	-79.66478110
4.43223447	-77.54701321
4.43956048	-84.17521444
4.44688649	-78.04654804
4.45421249	-83.06247503
4.46153850	-79.58463573
4.46886451	-92.05981846
4.47619052	-91.30028882
4.48351652	-89.94093413
4.49084253	-92.91310079
4.49816854	-82.86901038
4.50549455	-79.78947141
4.51282055	-83.48484419
4.52014656	-84.77079670
4.52747257	-81.95673144
4.53479858	-91.41936332
4.54212458	-91.97612380
4.54945059	-88.63950849
4.55677660	-96.82891661
4.56410261	-81.86525750
4.57142861	-86.49105963
4.57875462	-93.87168125
4.58608063	-94.80338984
4.59340664	-86.65470019
4.60073264	-97.61116659
4.60805865	-83.36782399
4.61538466	-84.82086807
4.62271066	-84.46304085
4.63003667	-91.54053857
4.63736268	-83.53496040
4.64468869	-82.43653527
4.65201469	-85.43863242
4.65934070	-93.87331717
4.66666671	-80.50552383
4.67399272	-82.88767378
4.68131872	-84.67130919
4.68864473	-95.80085545
4.69597074	-84.66079392
4.70329675	-89.39076242
4.71062275	-87.75182906
4.71794876	-85.44203730
4.72527477	-91.11423518
4.73260078	-91.75528171
4.73992678	-87.26446068
4.74725279	-84.67287668
4.75457880	-86.31455546
4.76190481	-89.27729451
4.76923081	-91.45202528
4.77655682	-92.81012871
4.78388283	-83.97032192
4.79120883	-89.52452537
4.79853484	-87.95138291
4.80586085	-87.53742973
4.81318686	-81.25349662
4.82051286	-86.10670275
4.82783887	-88.96762488
4.83516488	-94.75708417
4.84249089	-83.67798485
4.84981689	-81.20360273
4.85714290	-83.48358649
4.86446891	-77.21121306
4.87179492	-83.52396050
4.87912092	-89.44824235
4.88644693	-93.37375738
4.89377294	-96.42113409
4.90109895	-88.05069716
4.90842495	-89.34837424
4.91575096	-90.48650298
4.92307697	-90.02935075
4.93040298	-91.56160095
4.93772898	-98.93073881
4.94505499	-84.45358579
4.95238100	-91.09424200
4.95970700	-81.29233363
4.96703301	-98.08645994
4.97435902	-87.50906311
4.98168503	-86.21829272
4.98901103	-85.69412323
4.99633704	-88.51520769
5.00366305	-84.86871400
5.01098906	-85.11372038
5.01831506	-84.47444465
5.02564107	-82.11801169
5.03296708	-89.97818316
5.04029309	-86.54091227
5.04761909	-83.15750689
5.05494510	-81.34411952
5.06227111	-80.33852554
5.06959712	-90.71034030
5.07692312	-100.17703440
5.08424913	-84.21293520
5.09157514	-84.51428266
5.09890115	-95.39157084
5.10622715	-91.64442185
5.11355316	-79.02789835
5.12087917	-79.58819883
5.12820517	-85.27985539
5.13553118	-90.09034578
5.14285719	-79.86632205
5.15018320	-78.33734898
5.15750920	-92.31077582
5.16483521	-86.56045163
5.17216122	-87.32008274
5.17948723	-85.57850082
5.18681323	-84.17737971
5.19413924	-106.86181966
5.20146525	-94.69444206
5.20879126	-94.00477224
5.21611726	-82.98607741
5.22344327	-78.15868159
5.23076928	-88.45713642
5.23809529	-89.75093822
5.24542129	-87.81931850
5.25274730	-87.49238851
5.26007331	-87.33693586
5.26739932	-89.19369618
5.27472532	-89.35495461
5.28205133	-83.18015392
5.28937734	-89.57237385
5.29670334	-84.57013836
5.30402935	-79.95514797
5.31135536	-103.69675476
5.31868137	-82.65257173
5.32600737	-83.36715363
5.33333338	-84.57849483
5.34065939	-90.75044200
5.34798540	-86.07811274
5.35531140	-83.48798689
5.36263741	-82.50141970
5.36996342	-82.01802328
5.37728943	-84.96239291
5.38461543	-87.92622810
5.39194144	-83.80023559
5.39926745	-92.89797468
5.40659346	-82.66568985
5.41391946	-85.49660857
5.42124547	-86.90231644
5.42857148	-86.32901914
5.43589749	-85.54869291
5.44322349	-87.64035389
5.45054950	-88.55007856
5.45787551	-84.26303551
5.46520151	-85.00483775
5.47252752	-90.44237591
5.47985353	-84.77616722
5.48717954	-84.53996149
5.49450554	-88.64078614
5.50183155	-89.53397206
5.50915756	-94.58659637
5.51648357	-90.86034643
5.52380957	-91.06333001
5.53113558	-90.00582733
5.53846159	-84.23065506
5.54578760	-86.75505437
5.55311360	-87.94968910
5.56043961	-82.08390136
5.56776562	-84.33643530
5.57509163	-79.52645548
5.58241763	-90.52408298
5.58974364	-84.14346512
5.59706965	-84.07208649
5.60439566	-87.30033945
5.61172166	-83.15520870
5.61904767	-80.12706818
5.62637368	-82.86938408
5.63369968	-83.88921680
5.64102569	-86.16064099
5.64835170	-92.15896707
5.65567771	-83.27381088
5.66300371	-89.33264353
5.67032972	-99.07952464
5.67765573	-82.62611957
5.68498174	-82.59295851
5.69230774	-79.71005109
5.69963375	-90.19881581
5.70695976	-88.16062924
5.71428577	-85.05578090
5.72161177	-92.75617947
5.72893778	-84.07545211
5.73626379	-79.64293943
5.74358980	-81.09160404
5.75091580	-84.79122170
5.75824181	-91.60614995
5.76556782	-85.46988825
5.77289383	-98.77379317
5.78021983	-93.44113112
5.78754584	-85.30312368
5.79487185	-81.88881398
5.80219785	-82.49280682
5.80952386	-83.26301844
5.81684987	-85.61084151
5.82417588	-86.42672339
5.83150188	-84.42622207
5.83882789	-87.35117353
5.84615390	-89.00340717
5.85347991	-96.80362484
5.86080591	-81.97670350
5.86813192	-85.54045981
5.87545793	-90.33473354
5.88278394	-86.52320806
5.89010994	-84.38281806
5.89743595	-90.23637259
5.90476196	-85.06970657
5.91208797	-99.17763254
5.91941397	-96.66541788
5.92673998	-87.51150162
5.93406599	-94.65820624
5.94139200	-80.92801580
5.94871800	-84.40886676
5.95604401	-85.52838631
5.96337002	-87.24370672
5.97069602	-83.13617500
5.97802203	-84.28860746
5.98534804	-91.50891234
5.99267405	-87.75993341
6.00000005	-88.78895664
6.00732606	-112.36409246
6.01465207	-85.02849901
6.02197808	-83.62201211
6.02930408	-83.17348873
6.03663009	-96.42421435
6.04395610	-84.88110208
6.05128211	-88.77412924
6.05860811	-84.84429301
6.06593412	-87.24362225
6.07326013	-86.04576029
6.08058614	-83.96535034
6.08791214	-98.36795285
6.09523815	-86.94871810
6.10256416	-82.01364138
6.10989017	-81.99008450
6.11721617	-86.76087613
6.12454218	-86.74065803
6.13186819	-92.10546980
6.13919419	-82.19241472
6.14652020	-79.48758031
6.15384621	-89.81174401
6.16117222	-109.82898823
6.16849822	-91.14340574
6.17582423	-103.18929336
6.18315024	-97.23864376
6.19047625	-84.47278157
6.19780225	-87.80415139
6.20512826	-80.90202339
6.21245427	-88.79797323
6.21978028	-87.55416264
6.22710628	-89.35571426
6.23443229	-94.97990306
6.24175830	-93.88432603
6.24908431	-88.64161398
6.25641031	-91.72993963
6.26373632	-82.18397321
6.27106233	-87.64768934
6.27838834	-92.35244575
6.28571434	-82.86040056
6.29304035	-82.36840406
6.30036636	-82.87798878
6.30769236	-86.94305560
6.31501837	-95.41167346
6.32234438	-82.52635178
6.32967039	-84.09292029
6.33699639	-80.17544595
6.34432240	-99.42162143
6.35164841	-82.27732252
6.35897442	-86.61021535
6.36630042	-88.78255450
6.37362643	-82.39829823
6.38095244	-88.83096682
6.38827845	-89.02143897
6.39560445	-82.75993993
6.40293046	-84.42486309
6.41025647	-94.95310534
6.41758248	-94.88226722
6.42490848	-87.96628290
6.43223449	-85.04182226
6.43956050	-89.34925179
6.44688651	-82.69940929
6.45421251	-86.19894018
6.46153852	-84.84233657
6.46886453	-88.02816617
6.47619053	-83.33757612
6.48351654	-83.44614677
6.49084255	-83.17271048
6.49816856	-86.34274717
6.50549456	-88.40596255
6.51282057	-88.31529781
6.52014658	-84.41805596
6.52747259	-82.81865530
6.53479859	-83.82580376
6.54212460	-90.36404254
6.54945061	-93.79560519
6.55677662	-84.17783801
6.56410262	-84.37694123
6.57142863	-82.46795322
6.57875464	-81.45542860
6.58608065	-82.65691817
6.59340665	-102.69681077
6.60073266	-83.23619092
6.60805867	-95.26277375
6.61538468	-80.77738279
6.62271068	-90.27848102
6.63003669	-84.66776129
6.63736270	-90.96387460
6.64468870	-80.78600815
6.65201471	-83.44431059
6.65934072	-83.78527115
6.66666673	-82.67114354
6.67399273	-81.56603732
6.68131874	-78.64739723
6.68864475	-81.99341672
6.69597076	-91.67043280
6.70329676	-110.49441332
6.71062277	-84.95117416
6.71794878	-90.33349659
6.72527479	-82.04566254
6.73260079	-84.62791646
6.73992680	-92.22587271
6.74725281	-95.14675851
6.75457882	-88.52991092
6.76190482	-82.66398561
6.76923083	-83.02133772
6.77655684	-83.62737821
6.78388285	-80.05099643
6.79120885	-81.85512515
6.79853486	-84.13011970
6.80586087	-88.49010118
6.81318687	-92.95878645
6.82051288	-96.71201923
6.82783889	-89.66456414
6.83516490	-84.92994480
6.84249090	-87.15582748
6.84981691	-84.06100037
6.85714292	-80.60527041
6.86446893	-88.97035953
6.87179493	-85.35885095
6.87912094	-85.20814928
6.88644695	-89.12211421
6.89377296	-84.22941656
6.90109896	-84.96255175
6.90842497	-81.69916602
6.91575098	-83.73974512
6.92307699	-84.45740463
6.93040299	-84.63400265
6.93772900	-97.43776229
6.94505501	-91.63941597
6.95238102	-80.86370919
6.95970702	-85.80509365
6.96703303	-82.68534974
6.97435904	-89.62251906
6.98168505	-92.60035293
6.98901105	-85.72305511
6.99633706	-91.72259803
7.00366307	-85.58995261
7.01098907	-89.49373107
7.01831508	-95.13399580
7.02564109	-83.80037274
7.03296710	-81.02981194
7.04029310	-84.13780294
7.04761911	-84.83640372
7.05494512	-87.97994079
7.06227113	-95.78248668
7.06959713	-86.12626203
7.07692314	-88.72101901
7.08424915	-84.78201618
7.09157516	-85.96901260
7.09890116	-94.67826895
7.10622717	-83.10371097
7.11355318	-83.25791362
7.12087919	-96.32544839
7.12820519	-85.62492152
7.13553120	-83.38479477
7.14285721	-95.07379070
7.15018322	-86.90035753
7.15750922	-89.52347271
7.16483523	-83.61304727
7.17216124	-87.72054884
7.17948724	-91.38218715
7.18681325	-84.30124846
7.19413926	-80.57684566
7.20146527	-90.09721303
7.20879127	-80.81790185
7.21611728	-89.68970593
7.22344329	-77.62919860
7.23076930	-80.51591251
7.23809530	-90.84327038
7.24542131	-79.27283369
7.25274732	-86.58032643
7.26007333	-83.41613602
7.26739933	-81.59049961
7.27472534	-93.34909253
7.28205135	-85.67402557
7.28937736	-91.55983146
7.29670336	-91.70987263
7.30402937	-83.67934391
7.31135538	-85.28449330
7.31868139	-84.14459267
7.32600739	-87.43051423
7.33333340	-84.28376349
7.34065941	-95.66183734
7.34798541	-87.07491357
7.35531142	-87.60017657
7.36263743	-85.74495894
7.36996344	-86.58641357
7.37728944	-86.83638341
7.38461545	-91.70500202
7.39194146	-99.40528970
7.39926747	-92.85754358
7.40659347	-86.55353988
7.41391948	-85.54156174
7.42124549	-89.87773197
7.42857150	-87.96523956
7.43589750	-83.21258253
7.44322351	-85.46715586
7.45054952	-83.19818539
7.45787553	-88.02693671
7.46520153	-83.13182495
7.47252754	-96.89173001
7.47985355	-85.23819396
7.48717956	-83.39672976
7.49450556	-90.99435962
7.50183157	-77.42989503
7.50915758	-86.03486968
7.51648358	-80.62204527
7.52380959	-104.66798280
7.53113560	-78.80853133
7.53846161	-81.57609461
7.54578761	-100.37451350
7.55311362	-80.36037329
7.56043963	-83.35005794
7.56776564	-85.83010668
7.57509164	-94.52756535
7.58241765	-82.32773928
7.58974366	-83.61007141
7.59706967	-77.68742911
7.60439567	-81.67112855
7.61172168	-90.91237861
7.61904769	-88.65943068
7.62637370	-85.83385883
7.63369970	-92.21124097
7.64102571	-84.98980791
7.64835172	-80.80167509
7.65567773	-88.74029815
7.66300373	-84.28655118
7.67032974	-88.20961951
7.67765575	-84.68326473
7.68498175	-82.93995505
7.69230776	-83.84053579
7.69963377	-87.77594571
7.70695978	-83.18705483
7.71428578	-82.36985510
7.72161179	-79.71032832
7.72893780	-82.66602687
7.73626381	-87.36128709
7.74358981	-85.35208842
7.75091582	-87.54246280
7.75824183	-86.72924960
7.76556784	-82.63634361
7.77289384	-86.80476892
7.78021985	-89.50020715
7.78754586	-85.68029913
7.79487187	-81.11226758
7.80219787	-86.81291578
7.80952388	-84.70145472
7.81684989	-85.85827338
7.82417590	-84.49002952
7.83150190	-83.04993576
7.83882791	-98.17575510
7.84615392	-91.76094787
7.85347992	-93.94895531
7.86080593	-87.60229724
7.86813194	-85.61481752
7.87545795	-85.26870687
7.88278395	-84.05767092
7.89010996	-91.17082192
7.89743597	-84.63254658
7.90476198	-86.85848793
7.91208798	-86.55237822
7.91941399	-85.12214536
7.92674000	-98.80860526
7.93406601	-90.30089829
7.94139201	-88.60874427
7.94871802	-87.26905691
7.95604403	-92.56163492
7.96337004	-86.50690399
7.97069604	-89.07159660
7.97802205	-80.30611656
7.98534806	-84.91685596
7.99267407	-87.18193564
8.00000007	-89.87437353
8.00732608	-81.56317629
8.01465209	-82.28632082
8.02197809	-80.33265627
8.02930410	-84.30891641
8.03663011	-86.09736936
8.04395612	-90.10915808
8.05128212	-88.23415778
8.05860813	-86.82622741
8.06593414	-85.63335887
8.07326015	-106.91444160
8.08058615	-87.49458042
8.08791216	-86.25036345
8.09523817	-86.43004198
8.10256418	-86.32481299
8.10989018	-87.89306341
8.11721619	-90.61340980
8.12454220	-90.94775869
8.13186821	-84.75145595
8.13919421	-80.80597196
8.14652022	-94.11043755
8.15384623	-85.85960046
8.16117224	-99.69955827
8.16849824	-95.90236832
8.17582425	-82.78296051
8.18315026	-86.07294788
8.19047626	-84.24306416
8.19780227	-86.34589658
8.20512828	-89.00674572
8.21245429	-86.69293286
8.21978029	-90.12684523
8.22710630	-88.61320010
8.23443231	-84.48090861
8.24175832	-82.76192543
8.24908432	-87.98465132
8.25641033	-88.38078656
8.26373634	-84.79271086
8.27106235	-84.18582067
8.27838835	-85.67829593
8.28571436	-92.62613413
8.29304037	-82.21175906
8.30036638	-82.36929579
8.30769238	-88.40771566
8.31501839	-83.62193780
8.32234440	-98.01419132
8.32967041	-103.61916650
8.33699641	-85.13924137
8.34432242	-83.60460902
8.35164843	-81.54472733
8.35897443	-84.27640583
8.36630044	-82.89428566
8.37362645	-82.88211815
8.38095246	-89.51997107
8.38827846	-83.50977327
8.39560447	-93.39961144
8.40293048	-83.52507421
8.41025649	-95.26151936
8.41758249	-91.18966514
8.42490850	-87.19501115
8.43223451	-82.89205268
8.43956052	-89.81490226
8.44688652	-86.80342057
8.45421253	-87.62326154
8.46153854	-97.18091258
8.46886455	-90.53186276
8.47619055	-80.46682750
8.48351656	-79.49541230
8.49084257	-82.88474165
8.49816858	-94.84965907
8.50549458	-82.28089227
8.51282059	-87.63921523
8.52014660	-84.04775466
8.52747260	-96.37830690
8.53479861	-85.31871827
8.54212462	-81.37761369
8.54945063	-84.20920944
8.55677663	-86.97959373
8.56410264	-84.63113202
8.57142865	-82.09891705
8.57875466	-95.38564400
8.58608066	-88.73657337
8.59340667	-99.67768713
8.60073268	-96.67551680
8.60805869	-89.00933661
8.61538469	-93.57503168
8.62271070	-88.10803888
8.63003671	-91.00273683
8.63736272	-88.66263121
8.64468872	-84.53499511
8.65201473	-90.34031798
8.65934074	-85.27859316
8.66666675	-91.60450810
8.67399275	-86.11156968
8.68131876	-84.69902484
8.68864477	-87.71350821
8.69597077	-85.63970654
8.70329678	-81.31705221
8.71062279	-89.73274735
8.71794880	-88.82117494
8.72527480	-88.87977290
8.73260081	-87.78000116
8.73992682	-94.90647148
8.74725283	-82.75960205
8.75457883	-83.49616615
8.76190484	-89.04979266
8.76923085	-85.91401310
8.77655686	-82.53657065
8.78388286	-87.87787675
8.79120887	-84.09726987
8.79853488	-93.21488082
8.80586089	-90.84724354
8.81318689	-86.52203836
8.82051290	-91.22805118
8.82783891	-94.28177132
8.83516492	-90.06493241
8.84249092	-93.92994445
8.84981693	-83.83588398
8.85714294	-93.40546809
8.86446894	-86.69323772
8.87179495	-78.53746328
8.87912096	-84.93562136
8.88644697	-83.75732756
8.89377297	-87.78560998
8.90109898	-89.00180944
8.90842499	-93.60842918
8.91575100	-89.68600272
8.92307700	-85.36823227
8.93040301	-86.34925076
8.93772902	-84.82793364
8.94505503	-85.58465752
8.95238103	-96.36046595
8.95970704	-81.93465281
8.96703305	-90.74555258
8.97435906	-88.35729258
8.98168506	-90.58803478
8.98901107	-85.89596985
8.99633708	-81.78918395
9.00366309	-83.02761662
9.01098909	-89.01297885
9.01831510	-85.72043498
9.02564111	-97.54907753
9.03296711	-87.20805681
9.04029312	-90.05251275
9.04761913	-86.25536447
9.05494514	-86.62506543
9.06227114	-85.66272252
9.06959715	-94.42102459
9.07692316	-90.34805536
9.08424917	-91.56017046
9.09157517	-90.51858815
9.09890118	-81.06195808
9.10622719	-83.33036598
9.11355320	-91.40679568
9.12087920	-98.98058230
9.12820521	-85.58585305
9.13553122	-79.84034044
9.14285723	-82.46368119
9.15018323	-83.13611672
9.15750924	-91.80805953
9.16483525	-89.27739315
9.17216126	-89.62859428
9.17948726	-89.05470519
9.18681327	-84.13877533
9.19413928	-81.87294225
9.20146528	-81.07219582
9.20879129	-95.80650109
9.21611730	-107.07845641
9.22344331	-82.60667150
9.23076931	-87.84516268
9.23809532	-92.52909228
9.24542133	-86.11491046
9.25274734	-81.09508098
9.26007334	-99.16730913
9.26739935	-83.49317500
9.27472536	-91.06507087
9.28205137	-98.58439946
9.28937737	-82.29680217
9.29670338	-94.23541122
9.30402939	-85.14582137
9.31135540	-93.75754830
9.31868140	-81.88406616
9.32600741	-83.57855496
9.33333342	-90.60866669
9.34065943	-85.68256010
9.34798543	-88.54238884
9.35531144	-86.97272277
9.36263745	-95.02182685
9.36996345	-90.29047807
9.37728946	-92.45697657
9.38461547	-85.42865818
9.39194148	-91.42360811
9.39926748	-87.89537072
9.40659349	-83.74786275
9.41391950	-77.54797538
9.42124551	-98.36017548
9.42857151	-81.85820622
9.43589752	-88.01236331
9.44322353	-91.52378225
9.45054954	-88.19243479
9.45787554	-93.29985431
9.46520155	-85.64304577
9.47252756	-89.99311329
9.47985357	-89.24789606
9.48717957	-88.65603368
9.49450558	-80.71013528
9.50183159	-81.62028721
9.50915760	-91.02579510
9.51648360	-88.53362179
9.52380961	-96.83051224
9.53113562	-92.48263920
9.53846162	-90.66007498
9.54578763	-85.75429963
9.55311364	-89.08900066
9.56043965	-90.20751508
9.56776565	-86.47247568
9.57509166	-82.32953401
9.58241767	-90.67313832
9.58974368	-86.71358228
9.59706968	-86.90672980
9.60439569	-84.24898486
9.61172170	-82.46165401
9.61904771	-86.18234690
9.62637371	-86.54286374
9.63369972	-91.37796423
9.64102573	-87.76010207
9.64835174	-83.40177073
9.65567774	-82.67100859
9.66300375	-96.24786721
9.67032976	-96.68473164
9.67765577	-85.19726640
9.68498177	-98.35845981
9.69230778	-91.97273824
9.69963379	-90.27467814
9.70695980	-87.52200187
9.71428580	-88.25739890
9.72161181	-95.81077915
9.72893782	-96.47034757
9.73626382	-92.54794400
9.74358983	-110.27999224
9.75091584	-88.96183985
9.75824185	-85.41795774
9.76556785	-93.51808192
9.77289386	-82.63269208
9.78021987	-78.32689499
9.78754588	-81.47706189
9.79487188	-82.85697021
9.80219789	-88.18136196
9.80952390	-83.68044922
9.81684991	-94.13710839
9.82417591	-84.26133831
9.83150192	-85.70091804
9.83882793	-90.28488937
9.84615394	-86.20916093
9.85347994	-87.41955845
9.86080595	-83.37171281
9.86813196	-92.15910943
9.87545797	-85.75678578
9.88278397	-84.59411017
9.89010998	-79.71842144
9.89743599	-88.66138070
9.90476199	-84.44467299
9.91208800	-89.47742025
9.91941401	-101.78663151
9.92674002	-90.80995044
9.93406602	-87.95660608
9.94139203	-95.36621794
9.94871804	-89.21738520
9.95604405	-80.30498974
9.96337005	-90.09327472
9.97069606	-90.08955311
9.97802207	-96.39080850
9.98534808	-102.18850693
9.99267408	-87.27489880
10.00000009	-90.21819093
10.00732610	-94.71665346
10.01465211	-81.96098730
10.02197811	-87.60462285
10.02930412	-80.39120794
10.03663013	-78.30462598
10.04395614	-96.62837372
10.05128214	-82.98927968
10.05860815	-87.61978521
10.06593416	-86.57772079
10.07326016	-86.09121334
10.08058617	-86.16271269
10.08791218	-85.39453667
10.09523819	-87.61330143
10.10256419	-103.60661200
10.10989020	-90.12312418
10.11721621	-88.62351166
10.12454222	-85.26657932
10.13186822	-96.50129917
10.13919423	-85.47927153
10.14652024	-85.61681443
10.15384625	-81.87249912
10.16117225	-80.61806638
10.16849826	-83.57358743
10.17582427	-81.90613297
10.18315028	-95.11197350
10.19047628	-86.72338313
10.19780229	-85.56561592
10.20512830	-83.84704239
10.21245431	-81.50277222
10.21978031	-81.08635465
10.22710632	-81.31937293
10.23443233	-79.27442529
10.24175833	-88.12861376
10.24908434	-83.99600126
10.25641035	-81.79449128
10.26373636	-84.07217149
10.27106236	-80.97446337
10.27838837	-80.96074733
10.28571438	-95.51509367
10.29304039	-87.30060800
10.30036639	-86.11640380
10.30769240	-84.58877176
10.31501841	-96.87964922
10.32234442	-87.86581306
10.32967042	-92.97379926
10.33699643	-84.86691817
10.34432244	-83.64565453
10.35164845	-82.30114369
10.35897445	-89.45789448
10.36630046	-85.59504032
10.37362647	-83.31504990
10.38095248	-84.87771634
10.38827848	-81.42419120
10.39560449	-82.28578694
10.40293050	-103.85507665
10.41025650	-89.55548864
10.41758251	-85.69513652
10.42490852	-96.14911808
10.43223453	-83.64067125
10.43956053	-83.90337166
10.44688654	-82.46599081
10.45421255	-80.50359537
10.46153856	-93.48468253
10.46886456	-100.02502705
10.47619057	-92.69938642
10.48351658	-98.04043653
10.49084259	-86.98710604
10.49816859	-81.32331606
10.50549460	-83.31935225
10.51282061	-84.17288619
10.52014662	-87.56867632
10.52747262	-86.01505252
10.53479863	-92.97460037
10.54212464	-91.12099609
10.54945065	-84.46133294
10.55677665	-88.13154904
10.56410266	-81.49994970
10.57142867	-87.18153321
10.57875467	-89.09634961
10.58608068	-87.82212613
10.59340669	-85.99135307
10.60073270	-96.16648465
10.60805870	-86.53791909
10.61538471	-83.84949051
10.62271072	-86.14713872
10.63003673	-87.56076905
10.63736273	-81.92866748
10.64468874	-88.09623216
10.65201475	-83.53012008
10.65934076	-91.46585321
10.66666676	-79.12943941
10.67399277	-82.27774738
10.68131878	-81.54482503
10.68864479	-81.27733100
10.69597079	-80.14380644
10.70329680	-89.44708155
10.71062281	-92.83009262
10.71794882	-94.43503041
10.72527482	-92.04790641
10.73260083	-102.94308406
10.73992684	-91.26461525
10.74725284	-82.19493394
10.75457885	-94.73279001
10.76190486	-82.70767684
10.76923087	-93.20440090
10.77655687	-86.40472143
10.78388288	-89.04176505
10.79120889	-86.57086884
10.79853490	-87.83538027
10.80586090	-91.01445904
10.81318691	-88.90007595
10.82051292	-92.41967806
10.82783893	-82.44425739
10.83516493	-94.31647853
10.84249094	-90.92756200
10.84981695	-88.59340073
10.85714296	-86.48305371
10.86446896	-81.70931417
10.87179497	-102.74606133
10.87912098	-93.71267723
10.88644699	-82.60092987
10.89377299	-87.41393636
10.90109900	-92.24588309
10.90842501	-79.32389197
10.91575101	-82.05594177
10.92307702	-85.91254734
10.93040303	-92.09216033
10.93772904	-85.46262367
10.94505504	-90.09799941
10.95238105	-95.82580762
10.95970706	-84.68435912
10.96703307	-92.26824604
10.97435907	-102.80383085
10.98168508	-91.49432849
10.98901109	-84.84022051
10.99633710	-93.77543840
11.00366310	-81.62158352
11.01098911	-86.93850748
11.01831512	-82.00060305
11.02564113	-87.63769870
11.03296713	-97.86611811
11.04029314	-82.53187590
11.04761915	-82.50806289
11.05494516	-82.19208001
11.06227116	-82.22960465
11.06959717	-97.23372791
11.07692318	-88.37931885
11.08424918	-88.46636128
11.09157519	-87.45583294
11.09890120	-83.00901826
11.10622721	-80.30415003
11.11355321	-80.80408502
11.12087922	-88.89317487
11.12820523	-85.53089703
11.13553124	-94.50240358
11.14285724	-79.50505986
11.15018325	-82.02945922
11.15750926	-81.75753112
11.16483527	-85.02326629
11.17216127	-95.26720964
11.17948728	-89.85039719
11.18681329	-85.96560814
11.19413930	-80.57016193
11.20146530	-87.43828611
11.20879131	-89.18938883
11.21611732	-86.55962594
11.22344333	-92.23658284
11.23076933	-84.23034449
11.23809534	-84.84150884
11.24542135	-88.63131191
11.25274735	-87.14598886
11.26007336	-83.27524547
11.26739937	-80.87201945
11.27472538	-96.68362126
11.28205138	-84.58110811
11.28937739	-83.66380466
11.29670340	-90.74217952
11.30402941	-90.50668558
11.31135541	-90.39129468
11.31868142	-87.17892147
11.32600743	-91.66822947
11.33333344	-89.16180165
11.34065944	-96.98519796
11.34798545	-81.82826281
11.35531146	-108.43502680
11.36263747	-78.20475302
11.36996347	-84.59682089
11.37728948	-83.66444621
11.38461549	-95.48173796
11.39194150	-88.00435479
11.39926750	-92.55665116
11.40659351	-92.00121035
11.41391952	-87.85095223
11.42124552	-86.96434401
11.42857153	-79.88115213
11.43589754	-89.66900670
11.44322355	-79.80887086
11.45054955	-80.13574416
11.45787556	-83.21793317
11.46520157	-85.03534833
11.47252758	-82.63267275
11.47985358	-88.31785309
11.48717959	-89.88785522
11.49450560	-83.92940593
11.50183161	-90.15408000
11.50915761	-89.38396651
11.51648362	-84.89366847
11.52380963	-84.74193312
11.53113564	-94.65003964
11.53846164	-94.27891727
11.54578765	-92.53008266
11.55311366	-82.90758664
11.56043967	-94.10062576
11.56776567	-83.92311312
11.57509168	-88.79808262
11.58241769	-94.13200813
11.58974369	-84.83977558
11.59706970	-90.05719699
11.60439571	-91.49278707
11.61172172	-93.11805894
11.61904772	-83.89388683
11.62637373	-86.11748607
11.63369974	-84.84028947
11.64102575	-82.05250426
11.64835175	-98.55201270
11.65567776	-81.92239867
11.66300377	-86.09462926
11.67032978	-80.52845285
11.67765578	-85.62465178
11.68498179	-86.88879345
11.69230780	-88.82320633
11.69963381	-82.71489038
11.70695981	-90.89428765
11.71428582	-84.10494286
11.72161183	-85.85263474
11.72893784	-89.00525288
11.73626384	-90.80300761
11.74358985	-88.47660121
11.75091586	-85.62411760
11.75824186	-83.72862238
11.76556787	-87.56325041
11.77289388	-86.98333123
11.78021989	-98.70715034
11.78754589	-85.33179871
11.79487190	-85.16349674
11.80219791	-85.08563852
11.80952392	-94.19758399
11.81684992	-88.02066908
11.82417593	-84.11188724
11.83150194	-91.32699680
11.83882795	-94.11050748
11.84615395	-84.38026624
11.85347996	-79.25140592
11.86080597	-87.99548533
11.86813198	-87.42361721
11.87545798	-84.41352887
11.88278399	-82.92696964
11.89011000	-87.10127178
11.89743601	-85.04808230
11.90476201	-90.11517808
11.91208802	-84.93951154
11.91941403	-88.37072798
11.92674003	-89.22087841
11.93406604	-100.74335536
11.94139205	-82.47964897
11.94871806	-83.41473557
11.95604406	-88.02024321
11.96337007	-91.19872839
11.97069608	-86.88654075
11.97802209	-87.18062480
11.98534809	-100.19171880
11.99267410	-97.04266325
12.00000011	-87.77656319
12.00732612	-88.87898352
12.01465212	-91.95773789
12.02197813	-87.57456704
12.02930414	-83.91729807
12.03663015	-86.17347702
12.04395615	-85.56910748
12.05128216	-86.18795851
12.05860817	-85.77469133
12.06593418	-88.79115845
12.07326018	-83.91369892
12.08058619	-80.39612931
12.08791220	-84.97760673
12.09523820	-89.39109997
12.10256421	-81.69099249
12.10989022	-81.69925322
12.11721623	-92.35139760
12.12454223	-84.35529192
12.13186824	-89.32221949
12.13919425	-84.40771037
12.14652026	-93.46064187
12.15384626	-122.21390377
12.16117227	-87.46870929
12.16849828	-94.69540042
12.17582429	-84.24174044
12.18315029	-89.69963409
12.19047630	-85.89993209
12.19780231	-83.96244327
12.20512832	-83.58733165
12.21245432	-81.32819041
12.21978033	-91.30660274
12.22710634	-91.20501627
12.23443235	-88.00097805
12.24175835	-105.99165175
12.24908436	-92.41646051
12.25641037	-82.97333218
12.26373637	-87.35047593
12.27106238	-85.25971426
12.27838839	-111.77415818
12.28571440	-82.98022151
12.29304040	-105.13191534
12.30036641	-82.78175168
12.30769242	-83.84261689
12.31501843	-78.22587927
12.32234443	-85.28306949
12.32967044	-95.34897835
12.33699645	-85.75095443
12.34432246	-90.72477056
12.35164846	-83.45678962
12.35897447	-84.21641222
12.36630048	-83.81463630
12.37362649	-93.10760218
12.38095249	-85.49859200
12.38827850	-85.61239839
12.39560451	-91.11340321
12.40293052	-115.68948141
12.41025652	-87.11857839
12.41758253	-83.96043113
12.42490854	-82.64734338
12.43223455	-84.86030738
12.43956055	-90.35377042
12.44688656	-83.39337791
12.45421257	-85.99289651
12.46153857	-91.49555800
12.46886458	-81.41194617
12.47619059	-88.13283373
12.48351660	-82.50843698
12.49084260	-84.08947814
12.49816861	-96.03057409
12.50549462	-91.77072129
12.51282063	-86.73705352
12.52014663	-82.13975750
12.52747264	-84.66552528
12.53479865	-85.31543974
12.54212466	-104.84034962
12.54945066	-88.72962093
12.55677667	-89.11453222
12.56410268	-99.05138921
12.57142869	-80.32525068
12.57875469	-87.44672038
12.58608070	-82.59625337
12.59340671	-86.12510340
12.60073272	-84.32422367
12.60805872	-90.52096070
12.61538473	-82.56983794
12.62271074	-79.11864368
12.63003674	-85.87780430
12.63736275	-93.44828487
12.64468876	-98.66654794
12.65201477	-82.16107966
12.65934077	-89.28670354
12.66666678	-83.28445646
12.67399279	-85.83837675
12.68131880	-91.85130200
12.68864480	-86.54947310
12.69597081	-78.17688885
12.70329682	-78.67519355
12.71062283	-83.89758134
12.71794883	-88.62204856
12.72527484	-84.02361950
12.73260085	-81.22173797
12.73992686	-81.33330817
12.74725286	-88.29059051
12.75457887	-86.58440753
12.76190488	-86.36582271
12.76923089	-80.46310882
12.77655689	-81.44090252
12.78388290	-84.83645808
12.79120891	-101.64210142
12.79853491	-95.98247107
12.80586092	-85.27498337
12.81318693	-87.53425208
12.82051294	-93.51705522
12.82783894	-85.05968145
12.83516495	-85.27278982
12.84249096	-81.72239063
12.84981697	-91.89045236
12.85714297	-85.43303045
12.86446898	-81.96926776
12.87179499	-85.95736037
12.87912100	-88.67134736
12.88644700	-84.08248273
12.89377301	-87.69579816
12.90109902	-95.45979942
12.90842503	-93.33624292
12.91575103	-87.48380593
12.92307704	-92.52016729
12.93040305	-95.29750353
12.93772906	-88.32412411
12.94505506	-86.76902779
12.95238107	-81.33875303
12.95970708	-83.63055268
12.96703308	-86.01718398
12.97435909	-79.19295202
12.98168510	-84.04826365
12.98901111	-85.14292387
12.99633711	-82.67436129
13.00366312	-89.92821971
13.01098913	-90.48565487
13.01831514	-94.94379222
13.02564114	-99.66214016
13.03296715	-88.70982467
13.04029316	-90.07187204
13.04761917	-84.05368102
13.05494517	-87.22380868
13.06227118	-87.27310233
13.06959719	-91.22848537
13.07692320	-85.03210470
13.08424920	-79.20677790
13.09157521	-82.26752808
13.09890122	-95.79591351
13.10622723	-102.86875301
13.11355323	-84.17671437
13.12087924	-92.07060350
13.12820525	-85.37523577
13.13553125	-97.91552388
13.14285726	-104.16194742
13.15018327	-85.86636628
13.15750928	-99.75961397
13.16483528	-91.04283523
13.17216129	-81.85389119
13.17948730	-94.36959629
13.18681331	-87.07907809
13.19413931	-84.64568508
13.20146532	-88.67633349
13.20879133	-85.27662558
13.21611734	-87.83972575
13.22344334	-85.24041249
13.23076935	-101.84271289
13.23809536	-85.38920548
13.24542137	-89.60611488
13.25274737	-90.42435164
13.26007338	-90.18146382
13.26739939	-88.47541572
13.27472540	-80.74529734
13.28205140	-88.68301074
13.28937741	-85.60164056
13.29670342	-85.46789232
13.30402942	-81.22194713
13.31135543	-101.76639178
13.31868144	-85.11584660
13.32600745	-91.52713823
13.33333345	-96.16426865
13.34065946	-89.21276443
13.34798547	-83.03123178
13.35531148	-79.20521823
13.36263748	-86.25375595
13.36996349	-87.39084923
13.37728950	-85.22567203
13.38461551	-85.88963790
13.39194151	-84.94240280
13.39926752	-87.02746605
13.40659353	-83.33423644
13.41391954	-88.02101092
13.42124554	-79.00360049
13.42857155	-89.52040537
13.43589756	-83.04239124
13.44322357	-88.83701277
13.45054957	-82.66612425
13.45787558	-87.92322194
13.46520159	-86.63453527
13.47252759	-85.21319209
13.47985360	-89.07925817
13.48717961	-86.06312852
13.49450562	-87.66007521
13.50183162	-84.93558904
13.50915763	-92.17996938
13.51648364	-89.69495563
13.52380965	-95.88056435
13.53113565	-100.27389682
13.53846166	-87.45732306
13.54578767	-89.94160565
13.55311368	-89.52436758
13.56043968	-83.95774081
13.56776569	-82.01869846
13.57509170	-80.71102523
13.58241771	-85.09503840
13.58974371	-78.85608698
13.59706972	-84.92014355
13.60439573	-86.52117505
13.61172174	-87.80932689
13.61904774	-88.22697249
13.62637375	-89.98864069
13.63369976	-80.38779879
13.64102576	-92.11592030
13.64835177	-84.53511353
13.65567778	-100.19761716
13.66300379	-88.48314857
13.67032979	-82.21891514
13.67765580	-86.51794545
13.68498181	-86.83959299
13.69230782	-88.96062779
13.69963382	-85.81305005
13.70695983	-86.31667598
13.71428584	-85.77931297
13.72161185	-83.81648175
13.72893785	-92.37074750
13.73626386	-88.31348170
13.74358987	-99.54718082
13.75091588	-89.85394680
13.75824188	-84.65227518
13.76556789	-81.63642678
13.77289390	-86.12408836
13.78021991	-92.29869614
13.78754591	-86.00672054
13.79487192	-85.78564227
13.80219793	-86.61258670
13.80952393	-100.89350050
13.81684994	-81.97617014
13.82417595	-79.27266696
13.83150196	-93.25232244
13.83882796	-89.77667699
13.84615397	-81.26637260
13.85347998	-92.81279693
13.86080599	-88.11771486
13.86813199	-91.18854152
13.87545800	-89.67820772
13.88278401	-105.66744058
13.89011002	-89.99730570
13.89743602	-90.81336858
13.90476203	-86.74893634
13.91208804	-84.86755475
13.91941405	-84.96791242
13.92674005	-90.87684906
13.93406606	-90.90687019
13.94139207	-82.20075017
13.94871808	-81.25127627
13.95604408	-83.19952792
13.96337009	-84.61708322
13.97069610	-103.57502607
13.97802210	-83.16427566
13.98534811	-87.39586272
13.99267412	-80.24980946
14.00000013	-99.36030841
14.00732613	-97.90354070
14.01465214	-82.62440673
14.02197815	-86.89444715
14.02930416	-89.70500089
14.03663016	-81.58201405
14.04395617	-86.83236707
14.05128218	-89.43393789
14.05860819	-81.42464688
14.06593419	-83.15116069
14.07326020	-84.94433538
14.08058621	-86.59114054
14.08791222	-89.26557494
14.09523822	-87.92221283
14.10256423	-103.10366273
14.10989024	-87.63196083
14.11721625	-87.82158177
14.12454225	-85.10219892
14.13186826	-93.86104424
14.13919427	-91.02314676
14.14652027	-103.41137049
14.15384628	-85.49443840
14.16117229	-99.05807885
14.16849830	-95.27234665
14.17582430	-82.88259016
14.18315031	-88.62169894
14.19047632	-78.97630402
14.19780233	-93.02189575
14.20512833	-93.37259852
14.21245434	-81.03132413
14.21978035	-81.17453064
14.22710636	-92.68031472
14.23443236	-82.92648034
14.24175837	-88.05202649
14.24908438	-90.19306014
14.25641039	-91.39706100
14.26373639	-89.27475689
14.27106240	-81.87360463
14.27838841	-92.39397770
14.28571442	-88.02082553
14.29304042	-87.85208020
14.30036643	-93.93689114
14.30769244	-88.65793200
14.31501844	-103.69793537
14.32234445	-102.06696098
14.32967046	-85.82516603
14.33699647	-85.58199778
14.34432247	-84.16539088
14.35164848	-84.97344835
14.35897449	-81.07086335
14.36630050	-86.05572057
14.37362650	-87.05675397
14.38095251	-88.30431200
14.38827852	-80.23000735
14.39560453	-89.44287440
14.40293053	-85.97248050
14.41025654	-92.83205101
14.41758255	-90.78685478
14.42490856	-85.67778176
14.43223456	-95.50028770
14.43956057	-88.57937223
14.44688658	-86.26259189
14.45421259	-84.08623365
14.46153859	-86.66741518
14.46886460	-89.07318098
14.47619061	-85.28477168
14.48351661	-83.89337448
14.49084262	-87.69752864
14.49816863	-82.97923141
14.50549464	-80.69426151
14.51282064	-84.43456935
14.52014665	-84.86469966
14.52747266	-95.15453722
14.53479867	-83.79144649
14.54212467	-99.92429952
14.54945068	-86.47553130
14.55677669	-85.00912137
14.56410270	-87.95409550
14.57142870	-90.88503293
14.57875471	-86.93879080
14.58608072	-86.10580235
14.59340673	-84.16287637
14.60073273	-101.84607434
14.60805874	-89.72517074
14.61538475	-82.38174374
14.62271076	-91.21463483
14.63003676	-87.40322251
14.63736277	-96.27424660
14.64468878	-87.48901113
14.65201478	-83.62728337
14.65934079	-86.90422150
14.66666680	-85.58032019
14.67399281	-90.64410253
14.68131881	-77.58346371
14.68864482	-80.61009518
14.69597083	-98.96996466
14.70329684	-96.49711913
14.71062284	-85.49157419
14.71794885	-83.59492719
14.72527486	-90.35143412
14.73260087	-81.41992177
14.73992687	-105.48167610
14.74725288	-78.12373027
14.75457889	-84.80019924
14.76190490	-86.81966104
14.76923090	-83.88296731
14.77655691	-90.62451658
14.78388292	-81.66549989
14.79120893	-81.65746450
14.79853493	-86.86944106
14.80586094	-86.81889933
14.81318695	-84.49044383
14.82051295	-78.29430813
14.82783896	-87.19225765
14.83516497	-84.76733832
14.84249098	-95.21641762
14.84981698	-85.67337476
14.85714299	-91.53664321
14.86446900	-85.39544859
14.87179501	-84.13263451
14.87912101	-91.35897997
14.88644702	-83.95345125
14.89377303	-91.41995354
14.90109904	-98.17886493
14.90842504	-92.01020558
14.91575105	-87.67513731
14.92307706	-91.22356597
14.93040307	-100.41434038
14.93772907	-87.29622322
14.94505508	-88.13182659
14.95238109	-86.58468272
14.95970710	-89.40833033
14.96703310	-82.19461503
14.97435911	-84.41704231
14.98168512	-93.11035077
14.98901112	-84.50876876
14.99633713	-94.18754744
