# Menlo Systems GmbH ScanControl
# Program Version 1.3.3
# Start: -229.30000000 ps, Average over 300 waveforms. Timestamp: 2023-05-26T11:53:18
# Window type: Tukey, parameters: alpha = 0.1
# User time axis shift: 0 ps
# Time [ps]	THz Signal [a.u.]
-229.29999999	0.00000000
-229.26666666	-0.00000008
-229.23333332	-0.00000030
-229.19999999	-0.00000054
-229.16666666	-0.00000061
-229.13333333	-0.00000074
-229.09999999	-0.00000098
-229.06666666	-0.00000026
-229.03333333	0.00000046
-228.99999999	0.00000156
-228.96666666	0.00000264
-228.93333333	0.00000507
-228.89999999	0.00000480
-228.86666666	0.00000979
-228.83333333	0.00000743
-228.80000000	0.00001302
-228.76666666	0.00001508
-228.73333333	0.00001750
-228.70000000	0.00001710
-228.66666666	0.00001802
-228.63333333	0.00002102
-228.60000000	0.00001419
-228.56666666	0.00001589
-228.53333333	0.00000926
-228.50000000	0.00000653
-228.46666666	-0.00001165
-228.43333333	-0.00002518
-228.40000000	-0.00003198
-228.36666667	-0.00005422
-228.33333333	-0.00004985
-228.30000000	-0.00008102
-228.26666667	-0.00009329
-228.23333333	-0.00011967
-228.20000000	-0.00015573
-228.16666667	-0.00020444
-228.13333333	-0.00022850
-228.10000000	-0.00027017
-228.06666667	-0.00029592
-228.03333334	-0.00034148
-228.00000000	-0.00042114
-227.96666667	-0.00045499
-227.93333334	-0.00050351
-227.90000000	-0.00054854
-227.86666667	-0.00060616
-227.83333334	-0.00064625
-227.80000000	-0.00072258
-227.76666667	-0.00078035
-227.73333334	-0.00083167
-227.70000001	-0.00090731
-227.66666667	-0.00096741
-227.63333334	-0.00101821
-227.60000001	-0.00109238
-227.56666667	-0.00114326
-227.53333334	-0.00118560
-227.50000001	-0.00120375
-227.46666667	-0.00128204
-227.43333334	-0.00136824
-227.40000001	-0.00140836
-227.36666667	-0.00137209
-227.33333334	-0.00144815
-227.30000001	-0.00151284
-227.26666668	-0.00155028
-227.23333334	-0.00160088
-227.20000001	-0.00162992
-227.16666668	-0.00160983
-227.13333334	-0.00166953
-227.10000001	-0.00167192
-227.06666668	-0.00161760
-227.03333334	-0.00166911
-227.00000001	-0.00170542
-226.96666668	-0.00180654
-226.93333335	-0.00172774
-226.90000001	-0.00169481
-226.86666668	-0.00162937
-226.83333335	-0.00167335
-226.80000001	-0.00161759
-226.76666668	-0.00164209
-226.73333335	-0.00160023
-226.70000001	-0.00159439
-226.66666668	-0.00157397
-226.63333335	-0.00149202
-226.60000002	-0.00153954
-226.56666668	-0.00153601
-226.53333335	-0.00152307
-226.50000002	-0.00148242
-226.46666668	-0.00146812
-226.43333335	-0.00141396
-226.40000002	-0.00129430
-226.36666668	-0.00131114
-226.33333335	-0.00127067
-226.30000002	-0.00121023
-226.26666668	-0.00124689
-226.23333335	-0.00115576
-226.20000002	-0.00114947
-226.16666669	-0.00124830
-226.13333335	-0.00109260
-226.10000002	-0.00101107
-226.06666669	-0.00103194
-226.03333335	-0.00094209
-226.00000002	-0.00092297
-225.96666669	-0.00089112
-225.93333335	-0.00088533
-225.90000002	-0.00082096
-225.86666669	-0.00081839
-225.83333336	-0.00062530
-225.80000002	-0.00060480
-225.76666669	-0.00061908
-225.73333336	-0.00051919
-225.70000002	-0.00058701
-225.66666669	-0.00036761
-225.63333336	-0.00032667
-225.60000002	-0.00032214
-225.56666669	-0.00025971
-225.53333336	-0.00020144
-225.50000003	-0.00012828
-225.46666669	-0.00008208
-225.43333336	-0.00002038
-225.40000003	0.00019438
-225.36666669	0.00005442
-225.33333336	0.00021460
-225.30000003	0.00004852
-225.26666669	0.00026094
-225.23333336	0.00012241
-225.20000003	0.00000843
-225.16666669	0.00029240
-225.13333336	0.00026274
-225.10000003	0.00030363
-225.06666670	0.00022903
-225.03333336	0.00027035
-225.00000003	0.00031585
-224.96666670	0.00031286
-224.93333336	0.00019578
-224.90000003	0.00026568
-224.86666670	0.00011304
-224.83333336	0.00014569
-224.80000003	0.00010488
-224.76666670	0.00002889
-224.73333337	0.00001802
-224.70000003	-0.00003690
-224.66666670	-0.00009736
-224.63333337	-0.00004093
-224.60000003	-0.00025768
-224.56666670	-0.00024908
-224.53333337	-0.00038644
-224.50000003	-0.00039619
-224.46666670	-0.00048989
-224.43333337	-0.00043299
-224.40000004	-0.00060157
-224.36666670	-0.00046951
-224.33333337	-0.00066933
-224.30000004	-0.00053892
-224.26666670	-0.00043504
-224.23333337	-0.00062140
-224.20000004	-0.00062642
-224.16666670	-0.00056724
-224.13333337	-0.00086042
-224.10000004	-0.00078706
-224.06666670	-0.00056035
-224.03333337	-0.00062166
-224.00000004	-0.00059910
-223.96666671	-0.00067044
-223.93333337	-0.00040774
-223.90000004	-0.00035796
-223.86666671	-0.00050250
-223.83333337	-0.00039718
-223.80000004	-0.00048107
-223.76666671	-0.00036752
-223.73333337	-0.00037652
-223.70000004	-0.00028623
-223.66666671	-0.00011912
-223.63333338	-0.00006761
-223.60000004	-0.00008646
-223.56666671	-0.00002799
-223.53333338	0.00008207
-223.50000004	0.00018494
-223.46666671	0.00002838
-223.43333338	0.00013600
-223.40000004	0.00025608
-223.36666671	0.00025357
-223.33333338	0.00022489
-223.30000005	0.00024983
-223.26666671	0.00023479
-223.23333338	0.00013897
-223.20000005	0.00027350
-223.16666671	0.00022568
-223.13333338	0.00040274
-223.10000005	0.00023395
-223.06666671	0.00027451
-223.03333338	0.00025442
-223.00000005	0.00030292
-222.96666671	0.00024793
-222.93333338	0.00023496
-222.90000005	0.00028608
-222.86666672	0.00021399
-222.83333338	0.00023631
-222.80000005	0.00018927
-222.76666672	0.00006742
-222.73333338	0.00018690
-222.70000005	0.00004259
-222.66666672	-0.00017177
-222.63333338	-0.00008099
-222.60000005	-0.00014556
-222.56666672	-0.00030293
-222.53333339	-0.00030963
-222.50000005	-0.00045836
-222.46666672	-0.00060247
-222.43333339	-0.00062967
-222.40000005	-0.00098913
-222.36666672	-0.00095046
-222.33333339	-0.00126766
-222.30000005	-0.00122729
-222.26666672	-0.00140547
-222.23333339	-0.00143301
-222.20000006	-0.00162301
-222.16666672	-0.00179233
-222.13333339	-0.00192086
-222.10000006	-0.00219953
-222.06666672	-0.00210044
-222.03333339	-0.00226642
-222.00000006	-0.00239452
-221.96666672	-0.00245620
-221.93333339	-0.00261547
-221.90000006	-0.00285411
-221.86666672	-0.00275374
-221.83333339	-0.00305118
-221.80000006	-0.00299169
-221.76666673	-0.00333819
-221.73333339	-0.00339792
-221.70000006	-0.00338344
-221.66666673	-0.00349411
-221.63333339	-0.00382491
-221.60000006	-0.00384575
-221.56666673	-0.00406026
-221.53333339	-0.00404865
-221.50000006	-0.00412587
-221.46666673	-0.00452183
-221.43333340	-0.00455478
-221.40000006	-0.00475002
-221.36666673	-0.00483619
-221.33333340	-0.00498774
-221.30000006	-0.00517060
-221.26666673	-0.00522828
-221.23333340	-0.00527159
-221.20000006	-0.00546196
-221.16666673	-0.00567889
-221.13333340	-0.00575655
-221.10000007	-0.00586061
-221.06666673	-0.00593136
-221.03333340	-0.00591621
-221.00000007	-0.00595352
-220.96666673	-0.00611905
-220.93333340	-0.00611345
-220.90000007	-0.00614001
-220.86666673	-0.00595336
-220.83333340	-0.00602175
-220.80000007	-0.00597889
-220.76666673	-0.00592630
-220.73333340	-0.00584067
-220.70000007	-0.00591060
-220.66666674	-0.00592524
-220.63333340	-0.00567634
-220.60000007	-0.00563971
-220.56666674	-0.00564110
-220.53333340	-0.00535249
-220.50000007	-0.00531862
-220.46666674	-0.00496972
-220.43333340	-0.00506080
-220.40000007	-0.00501220
-220.36666674	-0.00488778
-220.33333341	-0.00478965
-220.30000007	-0.00459324
-220.26666674	-0.00450690
-220.23333341	-0.00407495
-220.20000007	-0.00412302
-220.16666674	-0.00405926
-220.13333341	-0.00401234
-220.10000007	-0.00378797
-220.06666674	-0.00361931
-220.03333341	-0.00365150
-220.00000007	-0.00329633
-219.96666674	-0.00329941
-219.93333341	-0.00331596
-219.90000008	-0.00300631
-219.86666674	-0.00302301
-219.83333341	-0.00278627
-219.80000008	-0.00288380
-219.76666674	-0.00272649
-219.73333341	-0.00263419
-219.70000008	-0.00239489
-219.66666674	-0.00237529
-219.63333341	-0.00233333
-219.60000008	-0.00208543
-219.56666675	-0.00199135
-219.53333341	-0.00194817
-219.50000008	-0.00176669
-219.46666675	-0.00176027
-219.43333341	-0.00166413
-219.40000008	-0.00145807
-219.36666675	-0.00128976
-219.33333341	-0.00126791
-219.30000008	-0.00109166
-219.26666675	-0.00105282
-219.23333342	-0.00101182
-219.20000008	-0.00076171
-219.16666675	-0.00053983
-219.13333342	-0.00075370
-219.10000008	-0.00056581
-219.06666675	-0.00036102
-219.03333342	-0.00022778
-219.00000008	-0.00014353
-218.96666675	-0.00015185
-218.93333342	-0.00004956
-218.90000008	0.00007458
-218.86666675	0.00032395
-218.83333342	0.00020408
-218.80000009	0.00036720
-218.76666675	0.00049050
-218.73333342	0.00060461
-218.70000009	0.00066004
-218.66666675	0.00085743
-218.63333342	0.00087835
-218.60000009	0.00094902
-218.56666675	0.00090041
-218.53333342	0.00092309
-218.50000009	0.00121649
-218.46666676	0.00116395
-218.43333342	0.00121296
-218.40000009	0.00133685
-218.36666676	0.00136475
-218.33333342	0.00127799
-218.30000009	0.00136427
-218.26666676	0.00146163
-218.23333342	0.00140491
-218.20000009	0.00147055
-218.16666676	0.00151044
-218.13333343	0.00161520
-218.10000009	0.00166258
-218.06666676	0.00146560
-218.03333343	0.00159153
-218.00000009	0.00175345
-217.96666676	0.00175148
-217.93333343	0.00204217
-217.90000009	0.00182338
-217.86666676	0.00185865
-217.83333343	0.00190460
-217.80000009	0.00203805
-217.76666676	0.00207347
-217.73333343	0.00217280
-217.70000010	0.00214953
-217.66666676	0.00225482
-217.63333343	0.00233970
-217.60000010	0.00232147
-217.56666676	0.00246286
-217.53333343	0.00246789
-217.50000010	0.00255654
-217.46666676	0.00256632
-217.43333343	0.00268927
-217.40000010	0.00277515
-217.36666677	0.00281687
-217.33333343	0.00276469
-217.30000010	0.00304199
-217.26666677	0.00312010
-217.23333343	0.00307807
-217.20000010	0.00295862
-217.16666677	0.00314994
-217.13333343	0.00316021
-217.10000010	0.00323620
-217.06666677	0.00341474
-217.03333344	0.00331473
-217.00000010	0.00348888
-216.96666677	0.00349809
-216.93333344	0.00384716
-216.90000010	0.00374875
-216.86666677	0.00383303
-216.83333344	0.00387758
-216.80000010	0.00403689
-216.76666677	0.00392780
-216.73333344	0.00409572
-216.70000010	0.00391551
-216.66666677	0.00400866
-216.63333344	0.00401584
-216.60000011	0.00378673
-216.56666677	0.00354673
-216.53333344	0.00335585
-216.50000011	0.00302847
-216.46666677	0.00252362
-216.43333344	0.00194779
-216.40000011	0.00138628
-216.36666677	0.00083426
-216.33333344	0.00006818
-216.30000011	-0.00052199
-216.26666678	-0.00112410
-216.23333344	-0.00179459
-216.20000011	-0.00242969
-216.16666678	-0.00291408
-216.13333344	-0.00324081
-216.10000011	-0.00347248
-216.06666678	-0.00377851
-216.03333344	-0.00408911
-216.00000011	-0.00379459
-215.96666678	-0.00377838
-215.93333345	-0.00360678
-215.90000011	-0.00324160
-215.86666678	-0.00288037
-215.83333345	-0.00250182
-215.80000011	-0.00239235
-215.76666678	-0.00183536
-215.73333345	-0.00135062
-215.70000011	-0.00081981
-215.66666678	-0.00041286
-215.63333345	0.00019825
-215.60000011	0.00067316
-215.56666678	0.00115469
-215.53333345	0.00177967
-215.50000012	0.00220027
-215.46666678	0.00250310
-215.43333345	0.00273538
-215.40000012	0.00319218
-215.36666678	0.00369493
-215.33333345	0.00384051
-215.30000012	0.00410373
-215.26666678	0.00402067
-215.23333345	0.00402215
-215.20000012	0.00391205
-215.16666679	0.00370101
-215.13333345	0.00335082
-215.10000012	0.00301105
-215.06666679	0.00223294
-215.03333345	0.00190370
-215.00000012	0.00087182
-214.96666679	0.00004333
-214.93333345	-0.00058654
-214.90000012	-0.00167097
-214.86666679	-0.00255803
-214.83333346	-0.00335094
-214.80000012	-0.00407246
-214.76666679	-0.00456912
-214.73333346	-0.00515582
-214.70000012	-0.00554575
-214.66666679	-0.00572567
-214.63333346	-0.00562114
-214.60000012	-0.00545604
-214.56666679	-0.00498006
-214.53333346	-0.00451832
-214.50000012	-0.00350316
-214.46666679	-0.00272972
-214.43333346	-0.00195802
-214.40000013	-0.00093414
-214.36666679	0.00008340
-214.33333346	0.00130120
-214.30000013	0.00248297
-214.26666679	0.00357092
-214.23333346	0.00465407
-214.20000013	0.00567112
-214.16666679	0.00672330
-214.13333346	0.00759643
-214.10000013	0.00834886
-214.06666680	0.00900098
-214.03333346	0.00969729
-214.00000013	0.01006240
-213.96666680	0.01065674
-213.93333346	0.01090220
-213.90000013	0.01106783
-213.86666680	0.01127364
-213.83333346	0.01132788
-213.80000013	0.01138042
-213.76666680	0.01144717
-213.73333347	0.01134109
-213.70000013	0.01118861
-213.66666680	0.01102076
-213.63333347	0.01081917
-213.60000013	0.01067505
-213.56666680	0.01018542
-213.53333347	0.01020054
-213.50000013	0.00983819
-213.46666680	0.00958328
-213.43333347	0.00944950
-213.40000013	0.00913598
-213.36666680	0.00900312
-213.33333347	0.00867251
-213.30000014	0.00857842
-213.26666680	0.00834912
-213.23333347	0.00823985
-213.20000014	0.00821416
-213.16666680	0.00820682
-213.13333347	0.00802834
-213.10000014	0.00806976
-213.06666680	0.00806606
-213.03333347	0.00815499
-213.00000014	0.00826244
-212.96666681	0.00803742
-212.93333347	0.00827286
-212.90000014	0.00822328
-212.86666681	0.00826383
-212.83333347	0.00821114
-212.80000014	0.00822880
-212.76666681	0.00832274
-212.73333347	0.00835312
-212.70000014	0.00811105
-212.66666681	0.00811064
-212.63333348	0.00812521
-212.60000014	0.00804352
-212.56666681	0.00785838
-212.53333348	0.00775212
-212.50000014	0.00752249
-212.46666681	0.00723758
-212.43333348	0.00712258
-212.40000014	0.00701475
-212.36666681	0.00699617
-212.33333348	0.00670362
-212.30000014	0.00667594
-212.26666681	0.00650043
-212.23333348	0.00649500
-212.20000015	0.00667014
-212.16666681	0.00662959
-212.13333348	0.00697953
-212.10000015	0.00706842
-212.06666681	0.00720586
-212.03333348	0.00761273
-212.00000015	0.00782758
-211.96666681	0.00808815
-211.93333348	0.00835605
-211.90000015	0.00881042
-211.86666682	0.00911223
-211.83333348	0.00936320
-211.80000015	0.00979669
-211.76666682	0.01018636
-211.73333348	0.01064512
-211.70000015	0.01091095
-211.66666682	0.01144809
-211.63333348	0.01164700
-211.60000015	0.01201398
-211.56666682	0.01258876
-211.53333349	0.01289226
-211.50000015	0.01326439
-211.46666682	0.01366071
-211.43333349	0.01431260
-211.40000015	0.01462503
-211.36666682	0.01501553
-211.33333349	0.01573473
-211.30000015	0.01631849
-211.26666682	0.01712253
-211.23333349	0.01766471
-211.20000015	0.01834165
-211.16666682	0.01911653
-211.13333349	0.01982334
-211.10000016	0.02082352
-211.06666682	0.02165989
-211.03333349	0.02249543
-211.00000016	0.02366285
-210.96666682	0.02473828
-210.93333349	0.02597814
-210.90000016	0.02740786
-210.86666682	0.02869750
-210.83333349	0.03013148
-210.80000016	0.03172130
-210.76666683	0.03347137
-210.73333349	0.03529834
-210.70000016	0.03711247
-210.66666683	0.03914496
-210.63333349	0.04163605
-210.60000016	0.04415646
-210.56666683	0.04661425
-210.53333349	0.04939852
-210.50000016	0.05240137
-210.46666683	0.05556556
-210.43333350	0.05874874
-210.40000016	0.06231624
-210.36666683	0.06593801
-210.33333350	0.06989473
-210.30000016	0.07396027
-210.26666683	0.07840726
-210.23333350	0.08302882
-210.20000016	0.08801085
-210.16666683	0.09327460
-210.13333350	0.09878963
-210.10000016	0.10433543
-210.06666683	0.11053176
-210.03333350	0.11709150
-210.00000017	0.12376917
-209.96666683	0.13094100
-209.93333350	0.13839525
-209.90000017	0.14616176
-209.86666683	0.15423011
-209.83333350	0.16276729
-209.80000017	0.17170898
-209.76666683	0.18114808
-209.73333350	0.19088900
-209.70000017	0.20098429
-209.66666684	0.21158943
-209.63333350	0.22258330
-209.60000017	0.23397184
-209.56666684	0.24591842
-209.53333350	0.25775905
-209.50000017	0.27024536
-209.46666684	0.28282197
-209.43333350	0.29527440
-209.40000017	0.30775948
-209.36666684	0.31980699
-209.33333351	0.33146528
-209.30000017	0.34198431
-209.26666684	0.35141127
-209.23333351	0.35906611
-209.20000017	0.36401931
-209.16666684	0.36647697
-209.13333351	0.36451443
-209.10000017	0.35758604
-209.06666684	0.34437594
-209.03333351	0.32263191
-209.00000017	0.29082582
-208.96666684	0.24662729
-208.93333351	0.18705417
-208.90000018	0.10949755
-208.86666684	0.01110365
-208.83333351	-0.11059278
-208.80000018	-0.25785606
-208.76666684	-0.43143844
-208.73333351	-0.63139823
-208.70000018	-0.85590050
-208.66666684	-1.10044512
-208.63333351	-1.35941239
-208.60000018	-1.62466818
-208.56666685	-1.88621791
-208.53333351	-2.13416185
-208.50000018	-2.35750084
-208.46666685	-2.54626826
-208.43333351	-2.69205149
-208.40000018	-2.78806072
-208.36666685	-2.83100583
-208.33333351	-2.81930792
-208.30000018	-2.75395513
-208.26666685	-2.63838641
-208.23333352	-2.47753184
-208.20000018	-2.27736493
-208.16666685	-2.04434354
-208.13333352	-1.78569187
-208.10000018	-1.50867793
-208.06666685	-1.22082260
-208.03333352	-0.92839586
-208.00000018	-0.63742042
-207.96666685	-0.35354313
-207.93333352	-0.08049776
-207.90000018	0.17845813
-207.86666685	0.42065888
-207.83333352	0.64434275
-207.80000019	0.84778380
-207.76666685	1.02975460
-207.73333352	1.18949178
-207.70000019	1.32715121
-207.66666685	1.44271927
-207.63333352	1.53726629
-207.60000019	1.61190297
-207.56666685	1.66835351
-207.53333352	1.70703076
-207.50000019	1.72898268
-207.46666686	1.73478187
-207.43333352	1.72548351
-207.40000019	1.70094600
-207.36666686	1.66245127
-207.33333352	1.61133997
-207.30000019	1.54868399
-207.26666686	1.47614075
-207.23333352	1.39511968
-207.20000019	1.30741026
-207.16666686	1.21484470
-207.13333353	1.11928803
-207.10000019	1.02291650
-207.06666686	0.92796596
-207.03333353	0.83709774
-207.00000019	0.75221308
-206.96666686	0.67477351
-206.93333353	0.60578088
-206.90000019	0.54531673
-206.86666686	0.49333220
-206.83333353	0.44875227
-206.80000019	0.41012760
-206.76666686	0.37621819
-206.73333353	0.34545541
-206.70000020	0.31622148
-206.66666686	0.28696152
-206.63333353	0.25743929
-206.60000020	0.22582078
-206.56666686	0.19217004
-206.53333353	0.15649604
-206.50000020	0.11958352
-206.46666686	0.08232201
-206.43333353	0.04632817
-206.40000020	0.01271374
-206.36666687	-0.01735085
-206.33333353	-0.04291351
-206.30000020	-0.06376013
-206.26666687	-0.08033821
-206.23333353	-0.09228692
-206.20000020	-0.10105403
-206.16666687	-0.10615910
-206.13333353	-0.10835687
-206.10000020	-0.10803969
-206.06666687	-0.10540843
-206.03333354	-0.10112467
-206.00000020	-0.09600406
-205.96666687	-0.09033215
-205.93333354	-0.08466589
-205.90000020	-0.07972349
-205.86666687	-0.07551705
-205.83333354	-0.07205921
-205.80000020	-0.06932769
-205.76666687	-0.06715911
-205.73333354	-0.06572153
-205.70000020	-0.06506781
-205.66666687	-0.06499023
-205.63333354	-0.06580580
-205.60000021	-0.06757803
-205.56666687	-0.07068309
-205.53333354	-0.07473323
-205.50000021	-0.07966956
-205.46666687	-0.08540821
-205.43333354	-0.09197820
-205.40000021	-0.09909309
-205.36666687	-0.10576794
-205.33333354	-0.11140473
-205.30000021	-0.11567670
-205.26666688	-0.11758218
-205.23333354	-0.11651735
-205.20000021	-0.11223106
-205.16666688	-0.10439450
-205.13333354	-0.09332030
-205.10000021	-0.07936916
-205.06666688	-0.06258677
-205.03333354	-0.04395192
-205.00000021	-0.02437939
-204.96666688	-0.00471560
-204.93333355	0.01391527
-204.90000021	0.03038709
-204.86666688	0.04326308
-204.83333355	0.05160303
-204.80000021	0.05476203
-204.76666688	0.05261155
-204.73333355	0.04554301
-204.70000021	0.03425959
-204.66666688	0.02011902
-204.63333355	0.00441059
-204.60000021	-0.01181283
-204.56666688	-0.02698391
-204.53333355	-0.04067168
-204.50000022	-0.05194634
-204.46666688	-0.06022728
-204.43333355	-0.06574171
-204.40000022	-0.06862199
-204.36666688	-0.06917943
-204.33333355	-0.06866222
-204.30000022	-0.06768939
-204.26666688	-0.06676873
-204.23333355	-0.06754956
-204.20000022	-0.06947720
-204.16666689	-0.07313459
-204.13333355	-0.07830858
-204.10000022	-0.08466996
-204.06666689	-0.09217465
-204.03333355	-0.10005054
-204.00000022	-0.10797380
-203.96666689	-0.11586076
-203.93333355	-0.12274854
-203.90000022	-0.12882069
-203.86666689	-0.13326073
-203.83333355	-0.13644873
-203.80000022	-0.13762996
-203.76666689	-0.13687828
-203.73333356	-0.13438856
-203.70000022	-0.12970966
-203.66666689	-0.12339103
-203.63333356	-0.11554882
-203.60000022	-0.10661434
-203.56666689	-0.09662640
-203.53333356	-0.08652578
-203.50000022	-0.07648826
-203.46666689	-0.06650585
-203.43333356	-0.05687533
-203.40000023	-0.04726907
-203.36666689	-0.03769254
-203.33333356	-0.02797778
-203.30000023	-0.01768412
-203.26666689	-0.00712618
-203.23333356	0.00387698
-203.20000023	0.01417080
-203.16666689	0.02367353
-203.13333356	0.03123370
-203.10000023	0.03669782
-203.06666690	0.03943565
-203.03333356	0.03988220
-203.00000023	0.03847996
-202.96666690	0.03551524
-202.93333356	0.03123307
-202.90000023	0.02575638
-202.86666690	0.01926012
-202.83333356	0.01201252
-202.80000023	0.00370362
-202.76666690	-0.00516189
-202.73333356	-0.01418336
-202.70000023	-0.02344317
-202.66666690	-0.03244085
-202.63333357	-0.04098278
-202.60000023	-0.04921956
-202.56666690	-0.05710180
-202.53333357	-0.06406792
-202.50000023	-0.07070254
-202.46666690	-0.07640998
-202.43333357	-0.08150754
-202.40000023	-0.08533841
-202.36666690	-0.08802949
-202.33333357	-0.08905512
-202.30000024	-0.08824662
-202.26666690	-0.08557977
-202.23333357	-0.08116279
-202.20000024	-0.07471576
-202.16666690	-0.06728198
-202.13333357	-0.05924092
-202.10000024	-0.05077964
-202.06666690	-0.04258691
-202.03333357	-0.03498201
-202.00000024	-0.02832195
-201.96666691	-0.02242594
-201.93333357	-0.01737012
-201.90000024	-0.01335928
-201.86666691	-0.01011712
-201.83333357	-0.00754395
-201.80000024	-0.00538367
-201.76666691	-0.00331552
-201.73333357	-0.00115051
-201.70000024	0.00140729
-201.66666691	0.00456234
-201.63333357	0.00785892
-201.60000024	0.01118560
-201.56666691	0.01458333
-201.53333358	0.01803934
-201.50000024	0.02130714
-201.46666691	0.02507312
-201.43333358	0.02899248
-201.40000024	0.03310076
-201.36666691	0.03682448
-201.33333358	0.03985514
-201.30000024	0.04133428
-201.26666691	0.04055313
-201.23333358	0.03767163
-201.20000025	0.03258747
-201.16666691	0.02544576
-201.13333358	0.01631411
-201.10000025	0.00588357
-201.06666691	-0.00572640
-201.03333358	-0.01828035
-201.00000025	-0.03132067
-200.96666691	-0.04425539
-200.93333358	-0.05671416
-200.90000025	-0.06852637
-200.86666692	-0.07872377
-200.83333358	-0.08702960
-200.80000025	-0.09331831
-200.76666692	-0.09694331
-200.73333358	-0.09827610
-200.70000025	-0.09677277
-200.66666692	-0.09339169
-200.63333358	-0.08826318
-200.60000025	-0.08183818
-200.56666692	-0.07456811
-200.53333358	-0.06687289
-200.50000025	-0.05896695
-200.46666692	-0.05090050
-200.43333359	-0.04262955
-200.40000025	-0.03440605
-200.36666692	-0.02564451
-200.33333359	-0.01709255
-200.30000025	-0.00847595
-200.26666692	-0.00042306
-200.23333359	0.00747617
-200.20000025	0.01423288
-200.16666692	0.01977374
-200.13333359	0.02351021
-200.10000026	0.02582623
-200.06666692	0.02638071
-200.03333359	0.02496166
-200.00000026	0.02194958
-199.96666692	0.01784137
-199.93333359	0.01255624
-199.90000026	0.00690218
-199.86666692	0.00124223
-199.83333359	-0.00406068
-199.80000026	-0.00857316
-199.76666693	-0.01194421
-199.73333359	-0.01442589
-199.70000026	-0.01536299
-199.66666693	-0.01496251
-199.63333359	-0.01314122
-199.60000026	-0.00975900
-199.56666693	-0.00485877
-199.53333359	0.00128339
-199.50000026	0.00863807
-199.46666693	0.01688398
-199.43333359	0.02564754
-199.40000026	0.03471666
-199.36666693	0.04360871
-199.33333360	0.05218699
-199.30000026	0.05993238
-199.26666693	0.06632005
-199.23333360	0.07062804
-199.20000026	0.07279496
-199.16666693	0.07232664
-199.13333360	0.06932292
-199.10000026	0.06374431
-199.06666693	0.05626815
-199.03333360	0.04706812
-199.00000027	0.03703108
-198.96666693	0.02648778
-198.93333360	0.01567172
-198.90000027	0.00542446
-198.86666693	-0.00458560
-198.83333360	-0.01395535
-198.80000027	-0.02250859
-198.76666693	-0.03026944
-198.73333360	-0.03696048
-198.70000027	-0.04265894
-198.66666694	-0.04701041
-198.63333360	-0.05066146
-198.60000027	-0.05279156
-198.56666694	-0.05408105
-198.53333360	-0.05382815
-198.50000027	-0.05253719
-198.46666694	-0.04991621
-198.43333360	-0.04647229
-198.40000027	-0.04264609
-198.36666694	-0.03850562
-198.33333360	-0.03480134
-198.30000027	-0.03161361
-198.26666694	-0.02867886
-198.23333361	-0.02612057
-198.20000027	-0.02378645
-198.16666694	-0.02139380
-198.13333361	-0.01865905
-198.10000027	-0.01572260
-198.06666694	-0.01237557
-198.03333361	-0.00895661
-198.00000027	-0.00533281
-197.96666694	-0.00168438
-197.93333361	0.00219716
-197.90000028	0.00596669
-197.86666694	0.01009285
-197.83333361	0.01467281
-197.80000028	0.01945753
-197.76666694	0.02428985
-197.73333361	0.02912774
-197.70000028	0.03364602
-197.66666694	0.03759069
-197.63333361	0.04099930
-197.60000028	0.04381978
-197.56666695	0.04610584
-197.53333361	0.04792728
-197.50000028	0.04904688
-197.46666695	0.04960407
-197.43333361	0.04921268
-197.40000028	0.04793825
-197.36666695	0.04562796
-197.33333361	0.04202882
-197.30000028	0.03754389
-197.26666695	0.03194465
-197.23333361	0.02574051
-197.20000028	0.01904386
-197.16666695	0.01182835
-197.13333362	0.00408238
-197.10000028	-0.00397932
-197.06666695	-0.01273292
-197.03333362	-0.02217792
-197.00000028	-0.03191658
-196.96666695	-0.04155599
-196.93333362	-0.05068478
-196.90000028	-0.05885726
-196.86666695	-0.06584963
-196.83333362	-0.07048318
-196.80000029	-0.07336497
-196.76666695	-0.07367529
-196.73333362	-0.07197216
-196.70000029	-0.06786034
-196.66666695	-0.06183049
-196.63333362	-0.05368984
-196.60000029	-0.04381023
-196.56666695	-0.03254306
-196.53333362	-0.02037804
-196.50000029	-0.00792421
-196.46666696	0.00405428
-196.43333362	0.01517998
-196.40000029	0.02450240
-196.36666696	0.03153992
-196.33333362	0.03593997
-196.30000029	0.03762019
-196.26666696	0.03626366
-196.23333362	0.03233311
-196.20000029	0.02652388
-196.16666696	0.01928210
-196.13333362	0.01132093
-196.10000029	0.00342547
-196.06666696	-0.00344168
-196.03333363	-0.00900014
-196.00000029	-0.01242987
-195.96666696	-0.01393501
-195.93333363	-0.01325293
-195.90000029	-0.01050344
-195.86666696	-0.00584415
-195.83333363	0.00033529
-195.80000029	0.00770346
-195.76666696	0.01583704
-195.73333363	0.02354822
-195.70000030	0.03085746
-195.66666696	0.03691188
-195.63333363	0.04126525
-195.60000030	0.04342731
-195.56666696	0.04351513
-195.53333363	0.04125288
-195.50000030	0.03720331
-195.46666696	0.03177439
-195.43333363	0.02513187
-195.40000030	0.01820423
-195.36666697	0.01117805
-195.33333363	0.00414864
-195.30000030	-0.00220028
-195.26666697	-0.00800292
-195.23333363	-0.01314148
-195.20000030	-0.01737052
-195.16666697	-0.02082947
-195.13333363	-0.02365030
-195.10000030	-0.02600589
-195.06666697	-0.02782954
-195.03333363	-0.02924849
-195.00000030	-0.03013900
-194.96666697	-0.03058433
-194.93333364	-0.03020853
-194.90000030	-0.02891999
-194.86666697	-0.02653277
-194.83333364	-0.02316499
-194.80000030	-0.01867134
-194.76666697	-0.01366996
-194.73333364	-0.00839880
-194.70000030	-0.00302387
-194.66666697	0.00189778
-194.63333364	0.00565237
-194.60000031	0.00822549
-194.56666697	0.00904819
-194.53333364	0.00863192
-194.50000031	0.00643688
-194.46666697	0.00312765
-194.43333364	-0.00123288
-194.40000031	-0.00596433
-194.36666697	-0.01092076
-194.33333364	-0.01531439
-194.30000031	-0.01864858
-194.26666698	-0.02038758
-194.23333364	-0.02013615
-194.20000031	-0.01738108
-194.16666698	-0.01233335
-194.13333364	-0.00516516
-194.10000031	0.00364231
-194.06666698	0.01374190
-194.03333364	0.02405439
-194.00000031	0.03402667
-193.96666698	0.04268760
-193.93333364	0.04974506
-193.90000031	0.05454631
-193.86666698	0.05692886
-193.83333365	0.05707383
-193.80000031	0.05490645
-193.76666698	0.05144539
-193.73333365	0.04624427
-193.70000031	0.04030365
-193.66666698	0.03349791
-193.63333365	0.02638385
-193.60000031	0.01885083
-193.56666698	0.01074205
-193.53333365	0.00237952
-193.50000032	-0.00686032
-193.46666698	-0.01631512
-193.43333365	-0.02644386
-193.40000032	-0.03676001
-193.36666698	-0.04690766
-193.33333365	-0.05650375
-193.30000032	-0.06485701
-193.26666698	-0.07171123
-193.23333365	-0.07639633
-193.20000032	-0.07835915
-193.16666699	-0.07788781
-193.13333365	-0.07467991
-193.10000032	-0.06896253
-193.06666699	-0.06079143
-193.03333365	-0.05095784
-193.00000032	-0.03980892
-192.96666699	-0.02792172
-192.93333365	-0.01649485
-192.90000032	-0.00614584
-192.86666699	0.00248263
-192.83333365	0.00898499
-192.80000032	0.01250014
-192.76666699	0.01343467
-192.73333366	0.01188375
-192.70000032	0.00808979
-192.66666699	0.00266938
-192.63333366	-0.00365102
-192.60000032	-0.01008337
-192.56666699	-0.01583380
-192.53333366	-0.02008733
-192.50000032	-0.02193549
-192.46666699	-0.02122900
-192.43333366	-0.01714894
-192.40000033	-0.00997603
-192.36666699	-0.00036990
-192.33333366	0.01160935
-192.30000033	0.02416127
-192.26666699	0.03710932
-192.23333366	0.04875392
-192.20000033	0.05859433
-192.16666699	0.06564645
-192.13333366	0.06959768
-192.10000033	0.07080502
-192.06666700	0.06865597
-192.03333366	0.06371203
-192.00000033	0.05622113
-191.96666700	0.04661096
-191.93333366	0.03510172
-191.90000033	0.02266909
-191.86666700	0.00930419
-191.83333366	-0.00418898
-191.80000033	-0.01743842
-191.76666700	-0.03012468
-191.73333366	-0.04195667
-191.70000033	-0.05227281
-191.66666700	-0.06100780
-191.63333367	-0.06758885
-191.60000033	-0.07211719
-191.56666700	-0.07406639
-191.53333367	-0.07367010
-191.50000033	-0.07110220
-191.46666700	-0.06681511
-191.43333367	-0.06101708
-191.40000033	-0.05395137
-191.36666700	-0.04600099
-191.33333367	-0.03776062
-191.30000034	-0.02951438
-191.26666700	-0.02162632
-191.23333367	-0.01453079
-191.20000034	-0.00814236
-191.16666700	-0.00281468
-191.13333367	0.00130641
-191.10000034	0.00430400
-191.06666700	0.00637734
-191.03333367	0.00739177
-191.00000034	0.00757194
-190.96666701	0.00684906
-190.93333367	0.00496696
-190.90000034	0.00230074
-190.86666701	-0.00113490
-190.83333367	-0.00512410
-190.80000034	-0.00901710
-190.76666701	-0.01254819
-190.73333367	-0.01541246
-190.70000034	-0.01663730
-190.66666701	-0.01642431
-190.63333367	-0.01455900
-190.60000034	-0.01088120
-190.56666701	-0.00569450
-190.53333368	0.00058176
-190.50000034	0.00773363
-190.46666701	0.01561127
-190.43333368	0.02331543
-190.40000034	0.03071471
-190.36666701	0.03714139
-190.33333368	0.04235270
-190.30000034	0.04594094
-190.26666701	0.04771361
-190.23333368	0.04746050
-190.20000035	0.04576825
-190.16666701	0.04232536
-190.13333368	0.03760325
-190.10000035	0.03223039
-190.06666701	0.02644736
-190.03333368	0.02021036
-190.00000035	0.01429409
-189.96666701	0.00837600
-189.93333368	0.00298303
-189.90000035	-0.00205344
-189.86666702	-0.00670567
-189.83333368	-0.01081947
-189.80000035	-0.01446213
-189.76666702	-0.01760154
-189.73333368	-0.02033455
-189.70000035	-0.02229412
-189.66666702	-0.02366320
-189.63333368	-0.02437129
-189.60000035	-0.02426471
-189.56666702	-0.02357721
-189.53333368	-0.02204186
-189.50000035	-0.01983359
-189.46666702	-0.01688142
-189.43333369	-0.01357026
-189.40000035	-0.01013745
-189.36666702	-0.00683203
-189.33333369	-0.00405762
-189.30000035	-0.00244425
-189.26666702	-0.00167131
-189.23333369	-0.00207118
-189.20000035	-0.00342940
-189.16666702	-0.00586766
-189.13333369	-0.00897189
-189.10000036	-0.01265844
-189.06666702	-0.01631178
-189.03333369	-0.01945867
-189.00000036	-0.02207503
-188.96666702	-0.02341272
-188.93333369	-0.02318315
-188.90000036	-0.02116260
-188.86666702	-0.01736039
-188.83333369	-0.01163658
-188.80000036	-0.00412198
-188.76666703	0.00405147
-188.73333369	0.01326562
-188.70000036	0.02212023
-188.66666703	0.03029984
-188.63333369	0.03681945
-188.60000036	0.04153404
-188.56666703	0.04411968
-188.53333369	0.04457311
-188.50000036	0.04325967
-188.46666703	0.04006311
-188.43333369	0.03540358
-188.40000036	0.02958263
-188.36666703	0.02327284
-188.33333370	0.01623924
-188.30000036	0.00933544
-188.26666703	0.00274656
-188.23333370	-0.00308547
-188.20000036	-0.00842841
-188.16666703	-0.01317435
-188.13333370	-0.01723279
-188.10000036	-0.02103843
-188.06666703	-0.02471531
-188.03333370	-0.02796679
-188.00000037	-0.03091700
-187.96666703	-0.03350682
-187.93333370	-0.03548349
-187.90000037	-0.03710186
-187.86666703	-0.03812980
-187.83333370	-0.03869844
-187.80000037	-0.03894752
-187.76666703	-0.03911614
-187.73333370	-0.03929751
-187.70000037	-0.03944913
-187.66666703	-0.03931854
-187.63333370	-0.03890632
-187.60000037	-0.03803724
-187.56666704	-0.03708456
-187.53333370	-0.03551165
-187.50000037	-0.03359264
-187.46666704	-0.03111451
-187.43333370	-0.02829131
-187.40000037	-0.02478668
-187.36666704	-0.02091859
-187.33333370	-0.01634800
-187.30000037	-0.01122290
-187.26666704	-0.00579648
-187.23333371	-0.00021300
-187.20000037	0.00558509
-187.16666704	0.01108291
-187.13333371	0.01598381
-187.10000037	0.02021261
-187.06666704	0.02409891
-187.03333371	0.02706035
-187.00000037	0.02902112
-186.96666704	0.03011014
-186.93333371	0.03010856
-186.90000038	0.02910267
-186.86666704	0.02726330
-186.83333371	0.02464584
-186.80000038	0.02142202
-186.76666704	0.01800759
-186.73333371	0.01413652
-186.70000038	0.00993692
-186.66666704	0.00576054
-186.63333371	0.00156687
-186.60000038	-0.00228837
-186.56666704	-0.00606585
-186.53333371	-0.00945527
-186.50000038	-0.01272567
-186.46666705	-0.01600937
-186.43333371	-0.01906542
-186.40000038	-0.02219588
-186.36666705	-0.02507800
-186.33333371	-0.02826784
-186.30000038	-0.03120776
-186.26666705	-0.03395812
-186.23333371	-0.03633932
-186.20000038	-0.03820694
-186.16666705	-0.03945724
-186.13333372	-0.04005137
-186.10000038	-0.03992090
-186.06666705	-0.03870423
-186.03333372	-0.03690207
-186.00000038	-0.03437431
-185.96666705	-0.03126897
-185.93333372	-0.02845811
-185.90000038	-0.02558425
-185.86666705	-0.02279262
-185.83333372	-0.02071192
-185.80000039	-0.01892642
-185.76666705	-0.01761701
-185.73333372	-0.01657022
-185.70000039	-0.01563327
-185.66666705	-0.01481836
-185.63333372	-0.01444985
-185.60000039	-0.01372619
-185.56666705	-0.01317670
-185.53333372	-0.01251602
-185.50000039	-0.01147788
-185.46666705	-0.01004686
-185.43333372	-0.00796237
-185.40000039	-0.00531485
-185.36666706	-0.00219346
-185.33333372	0.00138513
-185.30000039	0.00550661
-185.26666706	0.00927529
-185.23333372	0.01301035
-185.20000039	0.01653852
-185.16666706	0.01918991
-185.13333372	0.02089206
-185.10000039	0.02202026
-185.06666706	0.02199320
-185.03333373	0.02105463
-185.00000039	0.01931704
-184.96666706	0.01673776
-184.93333373	0.01372233
-184.90000039	0.01023401
-184.86666706	0.00677277
-184.83333373	0.00341345
-184.80000039	0.00047329
-184.76666706	-0.00172728
-184.73333373	-0.00311936
-184.70000040	-0.00377802
-184.66666706	-0.00347113
-184.63333373	-0.00288216
-184.60000040	-0.00188093
-184.56666706	-0.00074586
-184.53333373	0.00027434
-184.50000040	0.00074122
-184.46666706	0.00086172
-184.43333373	0.00023047
-184.40000040	-0.00094723
-184.36666706	-0.00272372
-184.33333373	-0.00506534
-184.30000040	-0.00762190
-184.26666707	-0.01074408
-184.23333373	-0.01390439
-184.20000040	-0.01743986
-184.16666707	-0.02079056
-184.13333373	-0.02390561
-184.10000040	-0.02652407
-184.06666707	-0.02872642
-184.03333373	-0.03002198
-184.00000040	-0.03060036
-183.96666707	-0.03056264
-183.93333374	-0.02976775
-183.90000040	-0.02821798
-183.86666707	-0.02598555
-183.83333374	-0.02331742
-183.80000040	-0.01987602
-183.76666707	-0.01592483
-183.73333374	-0.01079330
-183.70000040	-0.00517342
-183.66666707	0.00097631
-183.63333374	0.00773092
-183.60000041	0.01422909
-183.56666707	0.02093131
-183.53333374	0.02687775
-183.50000041	0.03200787
-183.46666707	0.03607791
-183.43333374	0.03881388
-183.40000041	0.04005154
-183.36666707	0.04000900
-183.33333374	0.03881904
-183.30000041	0.03672440
-183.26666707	0.03412449
-183.23333374	0.03122504
-183.20000041	0.02848908
-183.16666708	0.02666035
-183.13333374	0.02595662
-183.10000041	0.02594263
-183.06666708	0.02695540
-183.03333374	0.02847944
-183.00000041	0.03045218
-182.96666708	0.03198529
-182.93333374	0.03284103
-182.90000041	0.03271334
-182.86666708	0.03099896
-182.83333375	0.02805382
-182.80000041	0.02372476
-182.76666708	0.01800555
-182.73333375	0.01152615
-182.70000041	0.00454318
-182.66666708	-0.00270876
-182.63333375	-0.00955779
-182.60000041	-0.01599917
-182.56666708	-0.02199699
-182.53333375	-0.02690027
-182.50000042	-0.03115608
-182.46666708	-0.03445985
-182.43333375	-0.03701287
-182.40000042	-0.03839178
-182.36666708	-0.03903449
-182.33333375	-0.03863290
-182.30000042	-0.03731208
-182.26666708	-0.03514076
-182.23333375	-0.03214776
-182.20000042	-0.02838897
-182.16666708	-0.02419212
-182.13333375	-0.01937979
-182.10000042	-0.01419152
-182.06666709	-0.00879054
-182.03333375	-0.00325406
-182.00000042	0.00224748
-181.96666709	0.00797536
-181.93333375	0.01360531
-181.90000042	0.01929707
-181.86666709	0.02501251
-181.83333375	0.03058947
-181.80000042	0.03535721
-181.76666709	0.03946888
-181.73333376	0.04266702
-181.70000042	0.04481156
-181.66666709	0.04557051
-181.63333376	0.04529217
-181.60000042	0.04358332
-181.56666709	0.04128740
-181.53333376	0.03789275
-181.50000042	0.03378073
-181.46666709	0.02980085
-181.43333376	0.02554580
-181.40000043	0.02171736
-181.36666709	0.01863182
-181.33333376	0.01609308
-181.30000043	0.01441403
-181.26666709	0.01368162
-181.23333376	0.01377159
-181.20000043	0.01428132
-181.16666709	0.01530198
-181.13333376	0.01671902
-181.10000043	0.01787101
-181.06666709	0.01851504
-181.03333376	0.01885893
-181.00000043	0.01854970
-180.96666710	0.01760716
-180.93333376	0.01594585
-180.90000043	0.01371647
-180.86666710	0.01079368
-180.83333376	0.00765080
-180.80000043	0.00419855
-180.76666710	0.00048971
-180.73333376	-0.00328073
-180.70000043	-0.00747315
-180.66666710	-0.01161819
-180.63333377	-0.01555459
-180.60000043	-0.01939126
-180.56666710	-0.02264096
-180.53333377	-0.02489081
-180.50000043	-0.02633678
-180.46666710	-0.02659750
-180.43333377	-0.02519509
-180.40000043	-0.02284277
-180.36666710	-0.01902392
-180.33333377	-0.01390083
-180.30000044	-0.00801451
-180.26666710	-0.00155712
-180.23333377	0.00527743
-180.20000044	0.01183886
-180.16666710	0.01809849
-180.13333377	0.02310653
-180.10000044	0.02696046
-180.06666710	0.02928977
-180.03333377	0.03029056
-180.00000044	0.03010690
-179.96666710	0.02855431
-179.93333377	0.02609724
-179.90000044	0.02270269
-179.86666711	0.01888112
-179.83333377	0.01466591
-179.80000044	0.01019901
-179.76666711	0.00613512
-179.73333377	0.00238313
-179.70000044	-0.00061148
-179.66666711	-0.00257478
-179.63333377	-0.00363528
-179.60000044	-0.00323691
-179.56666711	-0.00188605
-179.53333378	0.00037119
-179.50000044	0.00328834
-179.46666711	0.00670178
-179.43333378	0.01050276
-179.40000044	0.01423730
-179.36666711	0.01744229
-179.33333378	0.02010975
-179.30000044	0.02183011
-179.26666711	0.02258599
-179.23333378	0.02224542
-179.20000045	0.02054900
-179.16666711	0.01792930
-179.13333378	0.01420485
-179.10000045	0.00975142
-179.06666711	0.00463923
-179.03333378	-0.00105243
-179.00000045	-0.00676348
-178.96666711	-0.01267974
-178.93333378	-0.01847595
-178.90000045	-0.02414422
-178.86666711	-0.02955732
-178.83333378	-0.03458989
-178.80000045	-0.03904320
-178.76666712	-0.04283132
-178.73333378	-0.04586584
-178.70000045	-0.04785417
-178.66666712	-0.04888325
-178.63333378	-0.04860452
-178.60000045	-0.04737310
-178.56666712	-0.04502176
-178.53333378	-0.04183214
-178.50000045	-0.03806812
-178.46666712	-0.03444542
-178.43333379	-0.03049893
-178.40000045	-0.02678116
-178.36666712	-0.02341719
-178.33333379	-0.02010922
-178.30000045	-0.01716275
-178.26666712	-0.01402524
-178.23333379	-0.01131249
-178.20000045	-0.00832427
-178.16666712	-0.00546483
-178.13333379	-0.00262059
-178.10000046	0.00010029
-178.06666712	0.00272593
-178.03333379	0.00470386
-178.00000046	0.00643025
-177.96666712	0.00772339
-177.93333379	0.00822606
-177.90000046	0.00847978
-177.86666712	0.00802721
-177.83333379	0.00762020
-177.80000046	0.00690143
-177.76666712	0.00611726
-177.73333379	0.00540796
-177.70000046	0.00465529
-177.66666713	0.00403367
-177.63333379	0.00332874
-177.60000046	0.00258524
-177.56666713	0.00149099
-177.53333379	0.00000039
-177.50000046	-0.00172034
-177.46666713	-0.00352825
-177.43333379	-0.00557321
-177.40000046	-0.00780395
-177.36666713	-0.01034391
-177.33333380	-0.01304161
-177.30000046	-0.01617104
-177.26666713	-0.01934255
-177.23333380	-0.02287277
-177.20000046	-0.02610892
-177.16666713	-0.02931535
-177.13333380	-0.03225327
-177.10000046	-0.03474226
-177.06666713	-0.03673029
-177.03333380	-0.03806195
-177.00000047	-0.03851772
-176.96666713	-0.03813884
-176.93333380	-0.03665498
-176.90000047	-0.03412686
-176.86666713	-0.03042040
-176.83333380	-0.02555565
-176.80000047	-0.02001839
-176.76666713	-0.01362243
-176.73333380	-0.00696317
-176.70000047	0.00010013
-176.66666713	0.00717146
-176.63333380	0.01367430
-176.60000047	0.01984806
-176.56666714	0.02520239
-176.53333380	0.02992087
-176.50000047	0.03367689
-176.46666714	0.03641443
-176.43333380	0.03872525
-176.40000047	0.04020994
-176.36666714	0.04113751
-176.33333380	0.04187406
-176.30000047	0.04216799
-176.26666714	0.04225701
-176.23333381	0.04194064
-176.20000047	0.04162900
-176.16666714	0.04104984
-176.13333381	0.04049958
-176.10000047	0.03973493
-176.06666714	0.03902111
-176.03333381	0.03839584
-176.00000047	0.03757570
-175.96666714	0.03706176
-175.93333381	0.03621501
-175.90000048	0.03548758
-175.86666714	0.03449891
-175.83333381	0.03335315
-175.80000048	0.03145633
-175.76666714	0.02909979
-175.73333381	0.02601764
-175.70000048	0.02209186
-175.66666714	0.01752828
-175.63333381	0.01245236
-175.60000048	0.00706403
-175.56666714	0.00144504
-175.53333381	-0.00393987
-175.50000048	-0.00852912
-175.46666715	-0.01252871
-175.43333381	-0.01558913
-175.40000048	-0.01751492
-175.36666715	-0.01843665
-175.33333381	-0.01828109
-175.30000048	-0.01749262
-175.26666715	-0.01641213
-175.23333381	-0.01543731
-175.20000048	-0.01467235
-175.16666715	-0.01422840
-175.13333382	-0.01430158
-175.10000048	-0.01496937
-175.06666715	-0.01622656
-175.03333382	-0.01747296
-175.00000048	-0.01903207
-174.96666715	-0.02016972
-174.93333382	-0.02073884
-174.90000048	-0.02080425
-174.86666715	-0.02043681
-174.83333382	-0.01943654
-174.80000049	-0.01784160
-174.76666715	-0.01624661
-174.73333382	-0.01433109
-174.70000049	-0.01235807
-174.66666715	-0.01033291
-174.63333382	-0.00836931
-174.60000049	-0.00654652
-174.56666715	-0.00489425
-174.53333382	-0.00334989
-174.50000049	-0.00205622
-174.46666715	-0.00108150
-174.43333382	-0.00004312
-174.40000049	0.00067086
-174.36666716	0.00116634
-174.33333382	0.00166973
-174.30000049	0.00224358
-174.26666716	0.00256265
-174.23333382	0.00258941
-174.20000049	0.00251748
-174.16666716	0.00241980
-174.13333382	0.00203752
-174.10000049	0.00142799
-174.06666716	0.00098819
-174.03333383	0.00044463
-174.00000049	-0.00006542
-173.96666716	-0.00064645
-173.93333383	-0.00134375
-173.90000049	-0.00216212
-173.86666716	-0.00332291
-173.83333383	-0.00495475
-173.80000049	-0.00712047
-173.76666716	-0.00972991
-173.73333383	-0.01297605
-173.70000050	-0.01669272
-173.66666716	-0.02051978
-173.63333383	-0.02447414
-173.60000050	-0.02860019
-173.56666716	-0.03298209
-173.53333383	-0.03735561
-173.50000050	-0.04165372
-173.46666716	-0.04590329
-173.43333383	-0.05004615
-173.40000050	-0.05358051
-173.36666716	-0.05659292
-173.33333383	-0.05927373
-173.30000050	-0.06145896
-173.26666717	-0.06223496
-173.23333383	-0.06230227
-173.20000050	-0.06136481
-173.16666717	-0.05914550
-173.13333383	-0.05620937
-173.10000050	-0.05210131
-173.06666717	-0.04721648
-173.03333383	-0.04194511
-173.00000050	-0.03603750
-172.96666717	-0.02987446
-172.93333384	-0.02381514
-172.90000050	-0.01776839
-172.86666717	-0.01212644
-172.83333384	-0.00695476
-172.80000050	-0.00222891
-172.76666717	0.00195089
-172.73333384	0.00554079
-172.70000050	0.00876298
-172.66666717	0.01144703
-172.63333384	0.01366477
-172.60000050	0.01558880
-172.56666717	0.01724494
-172.53333384	0.01880690
-172.50000051	0.02014329
-172.46666717	0.02145863
-172.43333384	0.02273541
-172.40000051	0.02414611
-172.36666717	0.02554501
-172.33333384	0.02681983
-172.30000051	0.02799632
-172.26666717	0.02910223
-172.23333384	0.02974428
-172.20000051	0.03006786
-172.16666718	0.02984260
-172.13333384	0.02899012
-172.10000051	0.02781914
-172.06666718	0.02603574
-172.03333384	0.02386800
-172.00000051	0.02160719
-171.96666718	0.01939049
-171.93333384	0.01722855
-171.90000051	0.01533354
-171.86666718	0.01378156
-171.83333385	0.01273670
-171.80000051	0.01202607
-171.76666718	0.01211102
-171.73333385	0.01260165
-171.70000051	0.01373480
-171.66666718	0.01454669
-171.63333385	0.01583142
-171.60000051	0.01688655
-171.56666718	0.01796690
-171.53333385	0.01887515
-171.50000051	0.01941792
-171.46666718	0.02019410
-171.43333385	0.02122338
-171.40000052	0.02231142
-171.36666718	0.02387040
-171.33333385	0.02611706
-171.30000052	0.02882658
-171.26666718	0.03223250
-171.23333385	0.03617517
-171.20000052	0.04040279
-171.16666718	0.04490231
-171.13333385	0.04937789
-171.10000052	0.05373210
-171.06666719	0.05765058
-171.03333385	0.06093786
-171.00000052	0.06344905
-170.96666719	0.06460342
-170.93333385	0.06453282
-170.90000052	0.06367091
-170.86666719	0.06112513
-170.83333385	0.05769941
-170.80000052	0.05301852
-170.76666719	0.04765536
-170.73333386	0.04192886
-170.70000052	0.03574912
-170.66666719	0.02940003
-170.63333386	0.02334446
-170.60000052	0.01739871
-170.56666719	0.01159711
-170.53333386	0.00612977
-170.50000052	0.00080927
-170.46666719	-0.00424658
-170.43333386	-0.00913670
-170.40000052	-0.01369370
-170.36666719	-0.01826981
-170.33333386	-0.02256502
-170.30000053	-0.02701682
-170.26666719	-0.03140251
-170.23333386	-0.03610165
-170.20000053	-0.04094265
-170.16666719	-0.04609308
-170.13333386	-0.05112758
-170.10000053	-0.05642473
-170.06666719	-0.06170692
-170.03333386	-0.06717448
-170.00000053	-0.07247866
-169.96666720	-0.07780029
-169.93333386	-0.08285838
-169.90000053	-0.08781902
-169.86666720	-0.09264267
-169.83333386	-0.09737664
-169.80000053	-0.10184419
-169.76666720	-0.10609308
-169.73333386	-0.10971655
-169.70000053	-0.11317067
-169.66666720	-0.11617728
-169.63333387	-0.11883173
-169.60000053	-0.12105614
-169.56666720	-0.12250706
-169.53333387	-0.12374887
-169.50000053	-0.12439250
-169.46666720	-0.12455940
-169.43333387	-0.12417615
-169.40000053	-0.12318270
-169.36666720	-0.12169582
-169.33333387	-0.11975839
-169.30000053	-0.11730901
-169.26666720	-0.11458950
-169.23333387	-0.11117719
-169.20000054	-0.10769192
-169.16666720	-0.10374849
-169.13333387	-0.09931952
-169.10000054	-0.09432471
-169.06666720	-0.08929586
-169.03333387	-0.08361771
-169.00000054	-0.07803738
-168.96666720	-0.07212494
-168.93333387	-0.06650158
-168.90000054	-0.06114404
-168.86666721	-0.05649892
-168.83333387	-0.05220230
-168.80000054	-0.04865427
-168.76666721	-0.04560421
-168.73333387	-0.04327878
-168.70000054	-0.04136985
-168.66666721	-0.03971062
-168.63333387	-0.03820165
-168.60000054	-0.03658956
-168.56666721	-0.03513925
-168.53333388	-0.03361618
-168.50000054	-0.03180548
-168.46666721	-0.02971341
-168.43333388	-0.02775995
-168.40000054	-0.02562626
-168.36666721	-0.02335570
-168.33333388	-0.02115657
-168.30000054	-0.01861485
-168.26666721	-0.01591777
-168.23333388	-0.01309246
-168.20000054	-0.00969009
-168.16666721	-0.00576780
-168.13333388	-0.00152737
-168.10000055	0.00336816
-168.06666721	0.00853992
-168.03333388	0.01379393
-168.00000055	0.01892434
-167.96666721	0.02386071
-167.93333388	0.02832137
-167.90000055	0.03219715
-167.86666721	0.03558746
-167.83333388	0.03837829
-167.80000055	0.04061995
-167.76666722	0.04293584
-167.73333388	0.04532227
-167.70000055	0.04793989
-167.66666722	0.05130646
-167.63333388	0.05505295
-167.60000055	0.05975561
-167.56666722	0.06509798
-167.53333388	0.07091947
-167.50000055	0.07734278
-167.46666722	0.08408734
-167.43333389	0.09096044
-167.40000055	0.09773565
-167.36666722	0.10401621
-167.33333389	0.10974848
-167.30000055	0.11436989
-167.26666722	0.11812553
-167.23333389	0.12046059
-167.20000055	0.12136338
-167.16666722	0.12093259
-167.13333389	0.11906262
-167.10000055	0.11592526
-167.06666722	0.11174116
-167.03333389	0.10677153
-167.00000056	0.10131841
-166.96666722	0.09524484
-166.93333389	0.08899921
-166.90000056	0.08249615
-166.86666722	0.07619508
-166.83333389	0.06956606
-166.80000056	0.06344162
-166.76666722	0.05722451
-166.73333389	0.05114752
-166.70000056	0.04548447
-166.66666723	0.03994851
-166.63333389	0.03474353
-166.60000056	0.02951224
-166.56666723	0.02453289
-166.53333389	0.02002024
-166.50000056	0.01593871
-166.46666723	0.01242766
-166.43333389	0.00931947
-166.40000056	0.00716060
-166.36666723	0.00555661
-166.33333390	0.00443442
-166.30000056	0.00371098
-166.26666723	0.00339555
-166.23333390	0.00284212
-166.20000056	0.00249469
-166.16666723	0.00175593
-166.13333390	0.00067272
-166.10000056	-0.00048826
-166.06666723	-0.00170212
-166.03333390	-0.00264500
-166.00000056	-0.00380773
-165.96666723	-0.00456234
-165.93333390	-0.00475382
-165.90000057	-0.00479446
-165.86666723	-0.00419526
-165.83333390	-0.00304708
-165.80000057	-0.00161177
-165.76666723	0.00050768
-165.73333390	0.00300471
-165.70000057	0.00577635
-165.66666723	0.00921953
-165.63333390	0.01274442
-165.60000057	0.01628362
-165.56666724	0.01996401
-165.53333390	0.02327226
-165.50000057	0.02624646
-165.46666724	0.02880109
-165.43333390	0.03078856
-165.40000057	0.03203706
-165.36666724	0.03287310
-165.33333390	0.03280544
-165.30000057	0.03218479
-165.26666724	0.03090571
-165.23333391	0.02885930
-165.20000057	0.02660762
-165.16666724	0.02426884
-165.13333391	0.02162583
-165.10000057	0.01932030
-165.06666724	0.01741693
-165.03333391	0.01599597
-165.00000057	0.01521380
-164.96666724	0.01532243
-164.93333391	0.01616976
-164.90000057	0.01752032
-164.86666724	0.01976374
-164.83333391	0.02211867
-164.80000058	0.02530361
-164.76666724	0.02883612
-164.73333391	0.03232103
-164.70000058	0.03589167
-164.66666724	0.03884871
-164.63333391	0.04177178
-164.60000058	0.04379082
-164.56666724	0.04463512
-164.53333391	0.04492091
-164.50000058	0.04430751
-164.46666725	0.04260394
-164.43333391	0.04038022
-164.40000058	0.03754691
-164.36666725	0.03406317
-164.33333391	0.03040593
-164.30000058	0.02665771
-164.26666725	0.02289885
-164.23333391	0.01954728
-164.20000058	0.01668273
-164.16666725	0.01478959
-164.13333392	0.01369108
-164.10000058	0.01370417
-164.06666725	0.01469562
-164.03333392	0.01654526
-164.00000058	0.01955760
-163.96666725	0.02313382
-163.93333392	0.02752823
-163.90000058	0.03210871
-163.86666725	0.03676647
-163.83333392	0.04138896
-163.80000058	0.04566417
-163.76666725	0.04969821
-163.73333392	0.05278601
-163.70000059	0.05502832
-163.66666725	0.05648378
-163.63333392	0.05665995
-163.60000059	0.05624588
-163.56666725	0.05490147
-163.53333392	0.05277682
-163.50000059	0.05017083
-163.46666725	0.04722444
-163.43333392	0.04428455
-163.40000059	0.04137764
-163.36666726	0.03892832
-163.33333392	0.03675675
-163.30000059	0.03538609
-163.26666726	0.03435993
-163.23333392	0.03424123
-163.20000059	0.03464001
-163.16666726	0.03554558
-163.13333392	0.03682170
-163.10000059	0.03851426
-163.06666726	0.03997466
-163.03333393	0.04138304
-163.00000059	0.04211252
-162.96666726	0.04248995
-162.93333393	0.04209906
-162.90000059	0.04087817
-162.86666726	0.03884306
-162.83333393	0.03628132
-162.80000059	0.03264623
-162.76666726	0.02835776
-162.73333393	0.02392207
-162.70000059	0.01868364
-162.66666726	0.01342268
-162.63333393	0.00820861
-162.60000060	0.00307239
-162.56666726	-0.00171482
-162.53333393	-0.00601390
-162.50000060	-0.00973699
-162.46666726	-0.01305071
-162.43333393	-0.01569281
-162.40000060	-0.01773515
-162.36666726	-0.01882345
-162.33333393	-0.01950050
-162.30000060	-0.01911852
-162.26666727	-0.01819636
-162.23333393	-0.01660892
-162.20000060	-0.01456149
-162.16666727	-0.01239390
-162.13333393	-0.00957951
-162.10000060	-0.00715617
-162.06666727	-0.00468099
-162.03333393	-0.00253559
-162.00000060	-0.00075428
-161.96666727	0.00076151
-161.93333394	0.00178140
-161.90000060	0.00189476
-161.86666727	0.00186952
-161.83333394	0.00111357
-161.80000060	-0.00004437
-161.76666727	-0.00195678
-161.73333394	-0.00395532
-161.70000060	-0.00648373
-161.66666727	-0.00927285
-161.63333394	-0.01215355
-161.60000060	-0.01517734
-161.56666727	-0.01793820
-161.53333394	-0.02069172
-161.50000061	-0.02315460
-161.46666727	-0.02527757
-161.43333394	-0.02705977
-161.40000061	-0.02830090
-161.36666727	-0.02898540
-161.33333394	-0.02943829
-161.30000061	-0.02922142
-161.26666727	-0.02854648
-161.23333394	-0.02785026
-161.20000061	-0.02668198
-161.16666728	-0.02579459
-161.13333394	-0.02460330
-161.10000061	-0.02349807
-161.06666728	-0.02261695
-161.03333394	-0.02174122
-161.00000061	-0.02081277
-160.96666728	-0.02022296
-160.93333394	-0.01943394
-160.90000061	-0.01897782
-160.86666728	-0.01878894
-160.83333395	-0.01849676
-160.80000061	-0.01827142
-160.76666728	-0.01812143
-160.73333395	-0.01799261
-160.70000061	-0.01770056
-160.66666728	-0.01707424
-160.63333395	-0.01625518
-160.60000061	-0.01509880
-160.56666728	-0.01360515
-160.53333395	-0.01161562
-160.50000061	-0.00952352
-160.46666728	-0.00709381
-160.43333395	-0.00472090
-160.40000062	-0.00235149
-160.36666728	-0.00035397
-160.33333395	0.00146583
-160.30000062	0.00280229
-160.26666728	0.00336458
-160.23333395	0.00360172
-160.20000062	0.00327133
-160.16666728	0.00243400
-160.13333395	0.00118336
-160.10000062	-0.00041450
-160.06666729	-0.00210098
-160.03333395	-0.00376874
-160.00000062	-0.00539505
-159.96666729	-0.00668160
-159.93333395	-0.00779450
-159.90000062	-0.00876752
-159.86666729	-0.00957573
-159.83333395	-0.00976509
-159.80000062	-0.00993146
-159.76666729	-0.00992055
-159.73333396	-0.00995702
-159.70000062	-0.00965294
-159.66666729	-0.00916834
-159.63333396	-0.00882365
-159.60000062	-0.00856760
-159.56666729	-0.00811698
-159.53333396	-0.00796372
-159.50000062	-0.00802313
-159.46666729	-0.00808051
-159.43333396	-0.00851887
-159.40000062	-0.00874633
-159.36666729	-0.00918579
-159.33333396	-0.00959554
-159.30000063	-0.00949517
-159.26666729	-0.00925759
-159.23333396	-0.00847705
-159.20000063	-0.00724761
-159.16666729	-0.00589576
-159.13333396	-0.00404411
-159.10000063	-0.00206845
-159.06666729	-0.00027320
-159.03333396	0.00151574
-159.00000063	0.00289550
-158.96666730	0.00383603
-158.93333396	0.00427113
-158.90000063	0.00407143
-158.86666730	0.00308176
-158.83333396	0.00152600
-158.80000063	-0.00051463
-158.76666730	-0.00294507
-158.73333396	-0.00596137
-158.70000063	-0.00931653
-158.66666730	-0.01306581
-158.63333397	-0.01683612
-158.60000063	-0.02061857
-158.56666730	-0.02467305
-158.53333397	-0.02878612
-158.50000063	-0.03245024
-158.46666730	-0.03598451
-158.43333397	-0.03933582
-158.40000063	-0.04217096
-158.36666730	-0.04462035
-158.33333397	-0.04658255
-158.30000063	-0.04807970
-158.26666730	-0.04873068
-158.23333397	-0.04877699
-158.20000064	-0.04843664
-158.16666730	-0.04754552
-158.13333397	-0.04585690
-158.10000064	-0.04412177
-158.06666730	-0.04186827
-158.03333397	-0.03959765
-158.00000064	-0.03704279
-157.96666730	-0.03436373
-157.93333397	-0.03170715
-157.90000064	-0.02878482
-157.86666731	-0.02601662
-157.83333397	-0.02318264
-157.80000064	-0.02046300
-157.76666731	-0.01769225
-157.73333397	-0.01496518
-157.70000064	-0.01223404
-157.66666731	-0.00955846
-157.63333397	-0.00718557
-157.60000064	-0.00450135
-157.56666731	-0.00225276
-157.53333398	-0.00008986
-157.50000064	0.00180557
-157.46666731	0.00329081
-157.43333398	0.00440851
-157.40000064	0.00490013
-157.36666731	0.00495329
-157.33333398	0.00462989
-157.30000064	0.00359566
-157.26666731	0.00191240
-157.23333398	-0.00023421
-157.20000064	-0.00284460
-157.16666731	-0.00577635
-157.13333398	-0.00911305
-157.10000065	-0.01269272
-157.06666731	-0.01613625
-157.03333398	-0.01963281
-157.00000065	-0.02299976
-156.96666731	-0.02614102
-156.93333398	-0.02852788
-156.90000065	-0.03032954
-156.86666731	-0.03161661
-156.83333398	-0.03197464
-156.80000065	-0.03145952
-156.76666732	-0.03040159
-156.73333398	-0.02851114
-156.70000065	-0.02601736
-156.66666732	-0.02300997
-156.63333398	-0.01985433
-156.60000065	-0.01636439
-156.56666732	-0.01294357
-156.53333398	-0.00935110
-156.50000065	-0.00617400
-156.46666732	-0.00336251
-156.43333398	-0.00122338
-156.40000065	0.00060151
-156.36666732	0.00210675
-156.33333399	0.00334400
-156.30000065	0.00436826
-156.26666732	0.00544075
-156.23333399	0.00658018
-156.20000065	0.00767068
-156.16666732	0.00878511
-156.13333399	0.00999443
-156.10000065	0.01124832
-156.06666732	0.01262026
-156.03333399	0.01391411
-156.00000066	0.01534549
-155.96666732	0.01690251
-155.93333399	0.01846413
-155.90000066	0.01985537
-155.86666732	0.02132295
-155.83333399	0.02251818
-155.80000066	0.02353171
-155.76666732	0.02451180
-155.73333399	0.02499486
-155.70000066	0.02538424
-155.66666733	0.02515066
-155.63333399	0.02448729
-155.60000066	0.02325388
-155.56666733	0.02138608
-155.53333399	0.01906091
-155.50000066	0.01578216
-155.46666733	0.01171577
-155.43333399	0.00683446
-155.40000066	0.00120662
-155.36666733	-0.00500084
-155.33333399	-0.01160471
-155.30000066	-0.01850346
-155.26666733	-0.02539442
-155.23333400	-0.03181334
-155.20000066	-0.03783748
-155.16666733	-0.04291483
-155.13333400	-0.04694141
-155.10000066	-0.04943046
-155.06666733	-0.05063703
-155.03333400	-0.05023383
-155.00000066	-0.04821646
-154.96666733	-0.04452159
-154.93333400	-0.03938980
-154.90000067	-0.03297742
-154.86666733	-0.02566972
-154.83333400	-0.01751934
-154.80000067	-0.00914651
-154.76666733	-0.00098398
-154.73333400	0.00696561
-154.70000067	0.01388376
-154.66666733	0.01992625
-154.63333400	0.02465366
-154.60000067	0.02808174
-154.56666734	0.03006465
-154.53333400	0.03065469
-154.50000067	0.02983503
-154.46666734	0.02794160
-154.43333400	0.02518036
-154.40000067	0.02186708
-154.36666734	0.01798774
-154.33333400	0.01421010
-154.30000067	0.01044560
-154.26666734	0.00732762
-154.23333400	0.00489333
-154.20000067	0.00310788
-154.16666734	0.00197234
-154.13333401	0.00172217
-154.10000067	0.00176020
-154.06666734	0.00238344
-154.03333401	0.00307823
-154.00000067	0.00408849
-153.96666734	0.00520415
-153.93333401	0.00595817
-153.90000067	0.00659778
-153.86666734	0.00687880
-153.83333401	0.00712628
-153.80000068	0.00660193
-153.76666734	0.00604265
-153.73333401	0.00516640
-153.70000068	0.00430185
-153.66666734	0.00323289
-153.63333401	0.00221474
-153.60000068	0.00142826
-153.56666734	0.00054221
-153.53333401	-0.00023197
-153.50000068	-0.00096931
-153.46666735	-0.00173559
-153.43333401	-0.00220989
-153.40000068	-0.00293243
-153.36666735	-0.00311016
-153.33333401	-0.00352293
-153.30000068	-0.00319925
-153.26666735	-0.00257420
-153.23333401	-0.00162488
-153.20000068	-0.00028925
-153.16666735	0.00149044
-153.13333401	0.00328889
-153.10000068	0.00534943
-153.06666735	0.00752172
-153.03333402	0.00976655
-153.00000068	0.01190566
-152.96666735	0.01409880
-152.93333402	0.01582045
-152.90000068	0.01705319
-152.86666735	0.01794439
-152.83333402	0.01796541
-152.80000068	0.01744332
-152.76666735	0.01627270
-152.73333402	0.01425607
-152.70000069	0.01178136
-152.66666735	0.00861562
-152.63333402	0.00555220
-152.60000069	0.00220330
-152.56666735	-0.00120237
-152.53333402	-0.00421857
-152.50000069	-0.00694696
-152.46666735	-0.00928589
-152.43333402	-0.01095411
-152.40000069	-0.01193992
-152.36666736	-0.01250676
-152.33333402	-0.01229576
-152.30000069	-0.01163608
-152.26666736	-0.01015110
-152.23333402	-0.00850588
-152.20000069	-0.00641652
-152.16666736	-0.00434399
-152.13333402	-0.00230635
-152.10000069	-0.00022957
-152.06666736	0.00149518
-152.03333402	0.00328892
-152.00000069	0.00446771
-151.96666736	0.00507939
-151.93333403	0.00538751
-151.90000069	0.00502863
-151.86666736	0.00376075
-151.83333403	0.00185435
-151.80000069	-0.00063103
-151.76666736	-0.00404062
-151.73333403	-0.00745804
-151.70000069	-0.01146161
-151.66666736	-0.01546222
-151.63333403	-0.01954710
-151.60000070	-0.02328590
-151.56666736	-0.02638392
-151.53333403	-0.02892937
-151.50000070	-0.03036003
-151.46666736	-0.03082055
-151.43333403	-0.03019524
-151.40000070	-0.02859450
-151.36666736	-0.02618441
-151.33333403	-0.02327853
-151.30000070	-0.01976622
-151.26666737	-0.01614860
-151.23333403	-0.01241117
-151.20000070	-0.00900601
-151.16666737	-0.00616686
-151.13333403	-0.00376462
-151.10000070	-0.00202125
-151.06666737	-0.00094208
-151.03333403	-0.00047927
-151.00000070	-0.00044891
-150.96666737	-0.00100321
-150.93333403	-0.00181615
-150.90000070	-0.00278464
-150.86666737	-0.00377051
-150.83333404	-0.00478657
-150.80000070	-0.00589795
-150.76666737	-0.00694549
-150.73333404	-0.00793368
-150.70000070	-0.00899892
-150.66666737	-0.01009292
-150.63333404	-0.01164193
-150.60000070	-0.01307007
-150.56666737	-0.01489618
-150.53333404	-0.01664568
-150.50000071	-0.01877332
-150.46666737	-0.02087686
-150.43333404	-0.02310831
-150.40000071	-0.02493196
-150.36666737	-0.02661481
-150.33333404	-0.02791384
-150.30000071	-0.02840788
-150.26666737	-0.02854481
-150.23333404	-0.02807194
-150.20000071	-0.02711906
-150.16666738	-0.02590873
-150.13333404	-0.02447413
-150.10000071	-0.02288247
-150.06666738	-0.02124728
-150.03333404	-0.01957440
-150.00000071	-0.01811466
-149.96666738	-0.01667266
-149.93333404	-0.01560393
-149.90000071	-0.01463953
-149.86666738	-0.01405911
-149.83333404	-0.01344502
-149.80000071	-0.01350001
-149.76666738	-0.01391906
-149.73333405	-0.01461794
-149.70000071	-0.01559045
-149.66666738	-0.01666420
-149.63333405	-0.01789825
-149.60000071	-0.01932715
-149.56666738	-0.02029561
-149.53333405	-0.02153325
-149.50000071	-0.02242452
-149.46666738	-0.02310607
-149.43333405	-0.02327701
-149.40000072	-0.02330063
-149.36666738	-0.02292076
-149.33333405	-0.02240455
-149.30000072	-0.02122298
-149.26666738	-0.02017399
-149.23333405	-0.01894248
-149.20000072	-0.01740392
-149.16666738	-0.01599879
-149.13333405	-0.01487249
-149.10000072	-0.01374839
-149.06666739	-0.01318056
-149.03333405	-0.01247395
-149.00000072	-0.01248951
-148.96666739	-0.01270422
-148.93333405	-0.01318466
-148.90000072	-0.01385122
-148.86666739	-0.01490752
-148.83333405	-0.01608484
-148.80000072	-0.01755642
-148.76666739	-0.01909882
-148.73333405	-0.02053300
-148.70000072	-0.02195489
-148.66666739	-0.02347608
-148.63333406	-0.02462136
-148.60000072	-0.02566909
-148.56666739	-0.02664298
-148.53333406	-0.02726700
-148.50000072	-0.02761570
-148.46666739	-0.02793522
-148.43333406	-0.02801817
-148.40000072	-0.02788025
-148.36666739	-0.02767656
-148.33333406	-0.02739611
-148.30000073	-0.02692378
-148.26666739	-0.02648600
-148.23333406	-0.02601702
-148.20000073	-0.02585304
-148.16666739	-0.02578792
-148.13333406	-0.02550645
-148.10000073	-0.02505517
-148.06666739	-0.02473075
-148.03333406	-0.02428523
-148.00000073	-0.02366639
-147.96666740	-0.02271011
-147.93333406	-0.02166991
-147.90000073	-0.02035022
-147.86666740	-0.01859035
-147.83333406	-0.01654973
-147.80000073	-0.01426991
-147.76666740	-0.01148066
-147.73333406	-0.00857592
-147.70000073	-0.00518157
-147.66666740	-0.00187798
-147.63333406	0.00189454
-147.60000073	0.00547373
-147.56666740	0.00906022
-147.53333407	0.01258347
-147.50000073	0.01583271
-147.46666740	0.01826277
-147.43333407	0.02054924
-147.40000073	0.02173834
-147.36666740	0.02275291
-147.33333407	0.02282982
-147.30000073	0.02229426
-147.26666740	0.02095854
-147.23333407	0.01904284
-147.20000074	0.01651248
-147.16666740	0.01363947
-147.13333407	0.01023976
-147.10000074	0.00688969
-147.06666740	0.00325004
-147.03333407	0.00026168
-147.00000074	-0.00264249
-146.96666740	-0.00491269
-146.93333407	-0.00666745
-146.90000074	-0.00813197
-146.86666741	-0.00866218
-146.83333407	-0.00883864
-146.80000074	-0.00847649
-146.76666741	-0.00774710
-146.73333407	-0.00644638
-146.70000074	-0.00509129
-146.66666741	-0.00357598
-146.63333407	-0.00183785
-146.60000074	-0.00019853
-146.56666741	0.00133479
-146.53333407	0.00281198
-146.50000074	0.00413286
-146.46666741	0.00524847
-146.43333408	0.00607881
-146.40000074	0.00684658
-146.36666741	0.00755136
-146.33333408	0.00795733
-146.30000074	0.00850341
-146.26666741	0.00900666
-146.23333408	0.00940723
-146.20000074	0.01047770
-146.16666741	0.01158240
-146.13333408	0.01245676
-146.10000075	0.01386113
-146.06666741	0.01546187
-146.03333408	0.01725894
-146.00000075	0.01874287
-145.96666741	0.02042977
-145.93333408	0.02178409
-145.90000075	0.02286217
-145.86666741	0.02369970
-145.83333408	0.02447974
-145.80000075	0.02475265
-145.76666742	0.02475522
-145.73333408	0.02441200
-145.70000075	0.02359904
-145.66666742	0.02267516
-145.63333408	0.02153041
-145.60000075	0.02005705
-145.56666742	0.01845595
-145.53333408	0.01660073
-145.50000075	0.01451701
-145.46666742	0.01247389
-145.43333408	0.01025603
-145.40000075	0.00809092
-145.36666742	0.00566872
-145.33333409	0.00356261
-145.30000075	0.00147688
-145.26666742	-0.00034337
-145.23333409	-0.00190974
-145.20000075	-0.00351184
-145.16666742	-0.00458787
-145.13333409	-0.00540616
-145.10000075	-0.00599084
-145.06666742	-0.00617268
-145.03333409	-0.00589244
-145.00000076	-0.00540362
-144.96666742	-0.00488606
-144.93333409	-0.00425956
-144.90000076	-0.00352317
-144.86666742	-0.00318923
-144.83333409	-0.00287351
-144.80000076	-0.00292586
-144.76666742	-0.00339496
-144.73333409	-0.00396324
-144.70000076	-0.00513895
-144.66666743	-0.00635293
-144.63333409	-0.00795164
-144.60000076	-0.00978072
-144.56666743	-0.01166001
-144.53333409	-0.01382540
-144.50000076	-0.01561927
-144.46666743	-0.01752157
-144.43333409	-0.01903606
-144.40000076	-0.02047893
-144.36666743	-0.02142890
-144.33333409	-0.02194172
-144.30000076	-0.02227300
-144.26666743	-0.02188706
-144.23333410	-0.02126571
-144.20000076	-0.02028349
-144.16666743	-0.01900493
-144.13333410	-0.01736324
-144.10000076	-0.01580400
-144.06666743	-0.01383420
-144.03333410	-0.01183237
-144.00000076	-0.01001454
-143.96666743	-0.00800316
-143.93333410	-0.00628202
-143.90000077	-0.00492241
-143.86666743	-0.00375147
-143.83333410	-0.00282175
-143.80000077	-0.00219480
-143.76666743	-0.00163472
-143.73333410	-0.00129541
-143.70000077	-0.00114510
-143.66666743	-0.00120416
-143.63333410	-0.00109516
-143.60000077	-0.00094876
-143.56666744	-0.00085006
-143.53333410	-0.00093151
-143.50000077	-0.00110456
-143.46666744	-0.00117474
-143.43333410	-0.00127401
-143.40000077	-0.00137000
-143.36666744	-0.00181577
-143.33333410	-0.00203190
-143.30000077	-0.00234344
-143.26666744	-0.00289294
-143.23333410	-0.00323086
-143.20000077	-0.00371093
-143.16666744	-0.00394022
-143.13333411	-0.00419223
-143.10000077	-0.00428458
-143.06666744	-0.00406066
-143.03333411	-0.00397514
-143.00000077	-0.00389726
-142.96666744	-0.00388110
-142.93333411	-0.00355089
-142.90000077	-0.00361020
-142.86666744	-0.00367416
-142.83333411	-0.00362189
-142.80000078	-0.00351707
-142.76666744	-0.00342146
-142.73333411	-0.00312614
-142.70000078	-0.00270542
-142.66666744	-0.00181275
-142.63333411	-0.00098533
-142.60000078	0.00007081
-142.56666744	0.00149928
-142.53333411	0.00282153
-142.50000078	0.00444530
-142.46666745	0.00622754
-142.43333411	0.00822157
-142.40000078	0.01003686
-142.36666745	0.01183978
-142.33333411	0.01349063
-142.30000078	0.01492588
-142.26666745	0.01611159
-142.23333411	0.01703919
-142.20000078	0.01761099
-142.16666745	0.01816899
-142.13333411	0.01862657
-142.10000078	0.01859488
-142.06666745	0.01856773
-142.03333412	0.01860941
-142.00000078	0.01840946
-141.96666745	0.01828318
-141.93333412	0.01807259
-141.90000078	0.01792162
-141.86666745	0.01760305
-141.83333412	0.01712185
-141.80000078	0.01648632
-141.76666745	0.01563561
-141.73333412	0.01470011
-141.70000079	0.01378420
-141.66666745	0.01256787
-141.63333412	0.01124889
-141.60000079	0.00964505
-141.56666745	0.00798917
-141.53333412	0.00608290
-141.50000079	0.00423423
-141.46666745	0.00215312
-141.43333412	0.00035201
-141.40000079	-0.00158402
-141.36666745	-0.00324816
-141.33333412	-0.00479933
-141.30000079	-0.00605858
-141.26666746	-0.00698269
-141.23333412	-0.00752161
-141.20000079	-0.00789075
-141.16666746	-0.00797401
-141.13333412	-0.00781568
-141.10000079	-0.00724007
-141.06666746	-0.00682964
-141.03333412	-0.00599214
-141.00000079	-0.00509117
-140.96666746	-0.00399698
-140.93333413	-0.00259152
-140.90000079	-0.00133636
-140.86666746	0.00006344
-140.83333413	0.00174785
-140.80000079	0.00335345
-140.76666746	0.00502149
-140.73333413	0.00660248
-140.70000079	0.00771538
-140.66666746	0.00920600
-140.63333413	0.01028445
-140.60000080	0.01095899
-140.56666746	0.01164278
-140.53333413	0.01185383
-140.50000080	0.01184877
-140.46666746	0.01134320
-140.43333413	0.01097864
-140.40000080	0.01012406
-140.36666746	0.00912854
-140.33333413	0.00795781
-140.30000080	0.00673867
-140.26666746	0.00537501
-140.23333413	0.00406037
-140.20000080	0.00293815
-140.16666747	0.00164399
-140.13333413	0.00074065
-140.10000080	-0.00023940
-140.06666747	-0.00096362
-140.03333413	-0.00162559
-140.00000080	-0.00209664
-139.96666747	-0.00249058
-139.93333413	-0.00267551
-139.90000080	-0.00285930
-139.86666747	-0.00277789
-139.83333414	-0.00255109
-139.80000080	-0.00242190
-139.76666747	-0.00222136
-139.73333414	-0.00195369
-139.70000080	-0.00174435
-139.66666747	-0.00128089
-139.63333414	-0.00104935
-139.60000080	-0.00098111
-139.56666747	-0.00059670
-139.53333414	-0.00056995
-139.50000081	-0.00062024
-139.46666747	-0.00040066
-139.43333414	-0.00050547
-139.40000081	-0.00040529
-139.36666747	-0.00044109
-139.33333414	-0.00030222
-139.30000081	0.00004992
-139.26666747	0.00043543
-139.23333414	0.00092727
-139.20000081	0.00159529
-139.16666747	0.00243291
-139.13333414	0.00358832
-139.10000081	0.00474842
-139.06666748	0.00623854
-139.03333414	0.00742037
-139.00000081	0.00871578
-138.96666748	0.00990559
-138.93333414	0.01090171
-138.90000081	0.01151555
-138.86666748	0.01204679
-138.83333414	0.01241374
-138.80000081	0.01256742
-138.76666748	0.01256463
-138.73333415	0.01248249
-138.70000081	0.01252547
-138.66666748	0.01268733
-138.63333415	0.01271283
-138.60000081	0.01308353
-138.56666748	0.01354360
-138.53333415	0.01408233
-138.50000081	0.01453866
-138.46666748	0.01528092
-138.43333415	0.01577015
-138.40000082	0.01681013
-138.36666748	0.01757666
-138.33333415	0.01836994
-138.30000082	0.01903579
-138.26666748	0.01956449
-138.23333415	0.01996424
-138.20000082	0.01987219
-138.16666748	0.01991301
-138.13333415	0.01947030
-138.10000082	0.01905713
-138.06666748	0.01820772
-138.03333415	0.01737644
-138.00000082	0.01625375
-137.96666749	0.01503938
-137.93333415	0.01393296
-137.90000082	0.01256240
-137.86666749	0.01126321
-137.83333415	0.00979242
-137.80000082	0.00838926
-137.76666749	0.00710084
-137.73333415	0.00562845
-137.70000082	0.00438751
-137.66666749	0.00313230
-137.63333416	0.00187006
-137.60000082	0.00075496
-137.56666749	-0.00028388
-137.53333416	-0.00132669
-137.50000082	-0.00179102
-137.46666749	-0.00232781
-137.43333416	-0.00259782
-137.40000082	-0.00306539
-137.36666749	-0.00302059
-137.33333416	-0.00308456
-137.30000083	-0.00302390
-137.26666749	-0.00308656
-137.23333416	-0.00321428
-137.20000083	-0.00316260
-137.16666749	-0.00322169
-137.13333416	-0.00332598
-137.10000083	-0.00365399
-137.06666749	-0.00367691
-137.03333416	-0.00358493
-137.00000083	-0.00342654
-136.96666749	-0.00314173
-136.93333416	-0.00263417
-136.90000083	-0.00225411
-136.86666750	-0.00185378
-136.83333416	-0.00105296
-136.80000083	-0.00042726
-136.76666750	0.00036610
-136.73333416	0.00093019
-136.70000083	0.00141205
-136.66666750	0.00159250
-136.63333416	0.00171837
-136.60000083	0.00137735
-136.56666750	0.00077083
-136.53333417	-0.00008602
-136.50000083	-0.00137127
-136.46666750	-0.00281061
-136.43333417	-0.00437390
-136.40000083	-0.00627588
-136.36666750	-0.00822334
-136.33333417	-0.01000256
-136.30000083	-0.01212044
-136.26666750	-0.01401405
-136.23333417	-0.01591494
-136.20000084	-0.01790705
-136.16666750	-0.01986057
-136.13333417	-0.02163008
-136.10000084	-0.02357816
-136.06666750	-0.02539923
-136.03333417	-0.02733440
-136.00000084	-0.02927535
-135.96666750	-0.03095672
-135.93333417	-0.03261837
-135.90000084	-0.03385493
-135.86666750	-0.03464234
-135.83333417	-0.03530805
-135.80000084	-0.03509230
-135.76666751	-0.03496766
-135.73333417	-0.03393437
-135.70000084	-0.03271022
-135.66666751	-0.03076487
-135.63333417	-0.02892040
-135.60000084	-0.02660057
-135.56666751	-0.02400200
-135.53333417	-0.02147859
-135.50000084	-0.01907976
-135.46666751	-0.01699247
-135.43333418	-0.01512237
-135.40000084	-0.01353484
-135.36666751	-0.01214608
-135.33333418	-0.01132203
-135.30000084	-0.01087433
-135.26666751	-0.01054891
-135.23333418	-0.01019330
-135.20000084	-0.01045085
-135.16666751	-0.01070924
-135.13333418	-0.01106017
-135.10000085	-0.01127563
-135.06666751	-0.01146021
-135.03333418	-0.01153608
-135.00000085	-0.01147314
-134.96666751	-0.01124937
-134.93333418	-0.01079272
-134.90000085	-0.01017577
-134.86666751	-0.00959566
-134.83333418	-0.00912052
-134.80000085	-0.00862564
-134.76666751	-0.00828257
-134.73333418	-0.00810654
-134.70000085	-0.00814690
-134.66666752	-0.00863314
-134.63333418	-0.00938503
-134.60000085	-0.01036375
-134.56666752	-0.01160588
-134.53333418	-0.01314253
-134.50000085	-0.01458753
-134.46666752	-0.01640725
-134.43333418	-0.01814616
-134.40000085	-0.01984751
-134.36666752	-0.02163204
-134.33333419	-0.02323387
-134.30000085	-0.02461123
-134.26666752	-0.02606958
-134.23333419	-0.02737650
-134.20000085	-0.02857778
-134.16666752	-0.02961358
-134.13333419	-0.03044461
-134.10000085	-0.03128170
-134.06666752	-0.03188064
-134.03333419	-0.03263664
-134.00000086	-0.03276634
-133.96666752	-0.03332829
-133.93333419	-0.03341985
-133.90000086	-0.03365349
-133.86666752	-0.03397776
-133.83333419	-0.03373520
-133.80000086	-0.03362103
-133.76666752	-0.03342317
-133.73333419	-0.03321608
-133.70000086	-0.03282465
-133.66666752	-0.03267304
-133.63333419	-0.03244337
-133.60000086	-0.03216476
-133.56666753	-0.03204226
-133.53333419	-0.03195420
-133.50000086	-0.03185456
-133.46666753	-0.03178748
-133.43333419	-0.03162755
-133.40000086	-0.03141362
-133.36666753	-0.03081435
-133.33333419	-0.03021115
-133.30000086	-0.02909516
-133.26666753	-0.02791433
-133.23333420	-0.02655429
-133.20000086	-0.02492882
-133.16666753	-0.02326246
-133.13333420	-0.02144739
-133.10000086	-0.01940666
-133.06666753	-0.01744165
-133.03333420	-0.01565668
-133.00000086	-0.01389861
-132.96666753	-0.01231137
-132.93333420	-0.01110169
-132.90000087	-0.00995890
-132.86666753	-0.00910855
-132.83333420	-0.00875003
-132.80000087	-0.00839951
-132.76666753	-0.00809919
-132.73333420	-0.00822558
-132.70000087	-0.00818790
-132.66666753	-0.00838097
-132.63333420	-0.00849583
-132.60000087	-0.00888062
-132.56666753	-0.00916391
-132.53333420	-0.00936832
-132.50000087	-0.00965949
-132.46666754	-0.00984431
-132.43333420	-0.01018272
-132.40000087	-0.01032877
-132.36666754	-0.01053182
-132.33333420	-0.01067794
-132.30000087	-0.01066202
-132.26666754	-0.01056731
-132.23333420	-0.01038724
-132.20000087	-0.00982681
-132.16666754	-0.00941922
-132.13333421	-0.00873831
-132.10000087	-0.00810669
-132.06666754	-0.00739488
-132.03333421	-0.00664370
-132.00000087	-0.00583405
-131.96666754	-0.00516628
-131.93333421	-0.00448197
-131.90000087	-0.00388692
-131.86666754	-0.00329420
-131.83333421	-0.00267602
-131.80000088	-0.00222348
-131.76666754	-0.00182406
-131.73333421	-0.00128425
-131.70000088	-0.00081461
-131.66666754	-0.00032399
-131.63333421	0.00026954
-131.60000088	0.00088290
-131.56666754	0.00152501
-131.53333421	0.00208117
-131.50000088	0.00272537
-131.46666754	0.00323960
-131.43333421	0.00384490
-131.40000088	0.00430584
-131.36666755	0.00464687
-131.33333421	0.00491097
-131.30000088	0.00502360
-131.26666755	0.00495087
-131.23333421	0.00477906
-131.20000088	0.00450119
-131.16666755	0.00409873
-131.13333421	0.00358984
-131.10000088	0.00297614
-131.06666755	0.00236871
-131.03333422	0.00168729
-131.00000088	0.00095440
-130.96666755	0.00026821
-130.93333422	-0.00030740
-130.90000088	-0.00091740
-130.86666755	-0.00139042
-130.83333422	-0.00179113
-130.80000088	-0.00205248
-130.76666755	-0.00225006
-130.73333422	-0.00238343
-130.70000089	-0.00244931
-130.66666755	-0.00243473
-130.63333422	-0.00236251
-130.60000089	-0.00227682
-130.56666755	-0.00216645
-130.53333422	-0.00205241
-130.50000089	-0.00191283
-130.46666755	-0.00176979
-130.43333422	-0.00164036
-130.40000089	-0.00153378
-130.36666755	-0.00141640
-130.33333422	-0.00130712
-130.30000089	-0.00121201
-130.26666756	-0.00112910
-130.23333422	-0.00101680
-130.20000089	-0.00092698
-130.16666756	-0.00083068
-130.13333422	-0.00071803
-130.10000089	-0.00062927
-130.06666756	-0.00052641
-130.03333422	-0.00042838
-130.00000089	-0.00034827
-129.96666756	-0.00025093
-129.93333423	-0.00018338
-129.90000089	-0.00011846
-129.86666756	-0.00006453
-129.83333423	-0.00002310
-129.80000089	0.00000771
-129.76666756	0.00002860
-129.73333423	0.00004417
-129.70000089	0.00004894
-129.66666756	0.00004658
-129.63333423	0.00004381
-129.60000090	0.00003734
-129.56666756	0.00003007
-129.53333423	0.00002176
-129.50000090	0.00001486
-129.46666756	0.00000939
-129.43333423	0.00000488
-129.40000090	0.00000204
-129.36666756	0.00000049
-129.33333423	0.00000000
