# Menlo Systems GmbH ScanControl
# Program Version 1.3.3
# Start: -229.30000000 ps, Average over 300 waveforms. Timestamp: 2023-05-26T11:40:20
# Window type: Tukey, parameters: alpha = 0.1
# User time axis shift: 0 ps
# Time [ps]	THz Signal [a.u.]
-229.30000000	0.00000000
-229.26666666	-0.00000012
-229.23333333	-0.00000040
-229.20000000	-0.00000088
-229.16666666	-0.00000157
-229.13333333	-0.00000248
-229.10000000	-0.00000295
-229.06666666	-0.00000492
-229.03333333	-0.00000473
-229.00000000	-0.00000582
-228.96666667	-0.00000460
-228.93333333	-0.00000546
-228.90000000	-0.00000640
-228.86666667	-0.00000215
-228.83333333	-0.00000233
-228.80000000	0.00000307
-228.76666667	0.00000290
-228.73333333	0.00000748
-228.70000000	0.00001328
-228.66666667	0.00001953
-228.63333334	0.00002176
-228.60000000	0.00003010
-228.56666667	0.00003452
-228.53333334	0.00003521
-228.50000000	0.00005940
-228.46666667	0.00007163
-228.43333334	0.00007266
-228.40000000	0.00008563
-228.36666667	0.00010002
-228.33333334	0.00011190
-228.30000001	0.00010973
-228.26666667	0.00012861
-228.23333334	0.00014532
-228.20000001	0.00016397
-228.16666667	0.00018303
-228.13333334	0.00017139
-228.10000001	0.00019272
-228.06666667	0.00019711
-228.03333334	0.00022861
-228.00000001	0.00023090
-227.96666667	0.00023475
-227.93333334	0.00023355
-227.90000001	0.00024990
-227.86666668	0.00024464
-227.83333334	0.00025118
-227.80000001	0.00025001
-227.76666668	0.00024559
-227.73333334	0.00022662
-227.70000001	0.00026028
-227.66666668	0.00023022
-227.63333334	0.00021756
-227.60000001	0.00018509
-227.56666668	0.00015359
-227.53333335	0.00020469
-227.50000001	0.00017126
-227.46666668	0.00011659
-227.43333335	0.00014293
-227.40000001	0.00015487
-227.36666668	0.00006193
-227.33333335	0.00007850
-227.30000001	0.00004897
-227.26666668	0.00002288
-227.23333335	-0.00003488
-227.20000001	-0.00002750
-227.16666668	-0.00004815
-227.13333335	-0.00013584
-227.10000002	-0.00007180
-227.06666668	-0.00015881
-227.03333335	-0.00021458
-227.00000002	-0.00025163
-226.96666668	-0.00022872
-226.93333335	-0.00026895
-226.90000002	-0.00029986
-226.86666668	-0.00035403
-226.83333335	-0.00034277
-226.80000002	-0.00035138
-226.76666669	-0.00026281
-226.73333335	-0.00029736
-226.70000002	-0.00027807
-226.66666669	-0.00017232
-226.63333335	-0.00015080
-226.60000002	-0.00022761
-226.56666669	-0.00003198
-226.53333335	-0.00016933
-226.50000002	-0.00000036
-226.46666669	0.00011244
-226.43333336	0.00010647
-226.40000002	0.00025592
-226.36666669	0.00033294
-226.33333336	0.00037758
-226.30000002	0.00047374
-226.26666669	0.00061557
-226.23333336	0.00070391
-226.20000002	0.00086061
-226.16666669	0.00090531
-226.13333336	0.00101462
-226.10000002	0.00113063
-226.06666669	0.00115997
-226.03333336	0.00134143
-226.00000003	0.00152687
-225.96666669	0.00151119
-225.93333336	0.00161853
-225.90000003	0.00171020
-225.86666669	0.00176914
-225.83333336	0.00176402
-225.80000003	0.00194178
-225.76666669	0.00201429
-225.73333336	0.00185593
-225.70000003	0.00194625
-225.66666670	0.00206787
-225.63333336	0.00210236
-225.60000003	0.00206888
-225.56666670	0.00198467
-225.53333336	0.00211535
-225.50000003	0.00200169
-225.46666670	0.00195349
-225.43333336	0.00187302
-225.40000003	0.00197045
-225.36666670	0.00188960
-225.33333336	0.00181965
-225.30000003	0.00157611
-225.26666670	0.00163914
-225.23333337	0.00149480
-225.20000003	0.00137945
-225.16666670	0.00127781
-225.13333337	0.00123361
-225.10000003	0.00114099
-225.06666670	0.00123459
-225.03333337	0.00108501
-225.00000003	0.00096594
-224.96666670	0.00099150
-224.93333337	0.00080358
-224.90000004	0.00085625
-224.86666670	0.00081208
-224.83333337	0.00071354
-224.80000004	0.00060131
-224.76666670	0.00073573
-224.73333337	0.00050903
-224.70000004	0.00042076
-224.66666670	0.00036135
-224.63333337	0.00034173
-224.60000004	0.00014630
-224.56666671	0.00012905
-224.53333337	0.00008557
-224.50000004	0.00007137
-224.46666671	0.00010675
-224.43333337	-0.00018939
-224.40000004	-0.00004184
-224.36666671	-0.00019973
-224.33333337	-0.00009215
-224.30000004	-0.00034119
-224.26666671	-0.00024650
-224.23333337	-0.00038937
-224.20000004	-0.00050328
-224.16666671	-0.00033554
-224.13333338	-0.00044148
-224.10000004	-0.00050539
-224.06666671	-0.00054563
-224.03333338	-0.00038135
-224.00000004	-0.00043117
-223.96666671	-0.00043249
-223.93333338	-0.00046747
-223.90000004	-0.00045406
-223.86666671	-0.00035329
-223.83333338	-0.00046726
-223.80000005	-0.00034161
-223.76666671	-0.00046508
-223.73333338	-0.00038252
-223.70000005	-0.00043193
-223.66666671	-0.00020750
-223.63333338	-0.00024500
-223.60000005	-0.00019611
-223.56666671	-0.00022039
-223.53333338	-0.00010680
-223.50000005	0.00007453
-223.46666671	0.00001520
-223.43333338	0.00011892
-223.40000005	0.00023917
-223.36666672	0.00037698
-223.33333338	0.00029827
-223.30000005	0.00043518
-223.26666672	0.00016558
-223.23333338	0.00047236
-223.20000005	0.00041776
-223.16666672	0.00042122
-223.13333338	0.00055708
-223.10000005	0.00064246
-223.06666672	0.00066298
-223.03333339	0.00069733
-223.00000005	0.00073332
-222.96666672	0.00086686
-222.93333339	0.00101157
-222.90000005	0.00097703
-222.86666672	0.00078085
-222.83333339	0.00102867
-222.80000005	0.00108590
-222.76666672	0.00120628
-222.73333339	0.00131628
-222.70000006	0.00140417
-222.66666672	0.00136770
-222.63333339	0.00144857
-222.60000006	0.00149026
-222.56666672	0.00152454
-222.53333339	0.00170250
-222.50000006	0.00196476
-222.46666672	0.00198465
-222.43333339	0.00205201
-222.40000006	0.00212066
-222.36666672	0.00222522
-222.33333339	0.00235905
-222.30000006	0.00236450
-222.26666673	0.00238845
-222.23333339	0.00255695
-222.20000006	0.00260517
-222.16666673	0.00267008
-222.13333339	0.00261188
-222.10000006	0.00258796
-222.06666673	0.00285429
-222.03333339	0.00281639
-222.00000006	0.00283203
-221.96666673	0.00275272
-221.93333340	0.00275507
-221.90000006	0.00255672
-221.86666673	0.00267012
-221.83333340	0.00250084
-221.80000006	0.00250296
-221.76666673	0.00244850
-221.73333340	0.00234567
-221.70000006	0.00243038
-221.66666673	0.00224150
-221.63333340	0.00228050
-221.60000006	0.00200250
-221.56666673	0.00213873
-221.53333340	0.00206063
-221.50000007	0.00190646
-221.46666673	0.00199758
-221.43333340	0.00195999
-221.40000007	0.00202105
-221.36666673	0.00193302
-221.33333340	0.00200794
-221.30000007	0.00212874
-221.26666673	0.00208041
-221.23333340	0.00206164
-221.20000007	0.00200203
-221.16666674	0.00200387
-221.13333340	0.00205968
-221.10000007	0.00216025
-221.06666674	0.00207551
-221.03333340	0.00229430
-221.00000007	0.00205917
-220.96666674	0.00215646
-220.93333340	0.00219511
-220.90000007	0.00216307
-220.86666674	0.00225015
-220.83333341	0.00244709
-220.80000007	0.00254974
-220.76666674	0.00228751
-220.73333341	0.00245522
-220.70000007	0.00237715
-220.66666674	0.00241110
-220.63333341	0.00241146
-220.60000007	0.00253175
-220.56666674	0.00258492
-220.53333341	0.00250421
-220.50000007	0.00252183
-220.46666674	0.00254960
-220.43333341	0.00258880
-220.40000008	0.00248624
-220.36666674	0.00260066
-220.33333341	0.00242047
-220.30000008	0.00244550
-220.26666674	0.00246699
-220.23333341	0.00238365
-220.20000008	0.00247167
-220.16666674	0.00239971
-220.13333341	0.00234348
-220.10000008	0.00221209
-220.06666675	0.00215044
-220.03333341	0.00216926
-220.00000008	0.00212014
-219.96666675	0.00201939
-219.93333341	0.00185047
-219.90000008	0.00174603
-219.86666675	0.00174186
-219.83333341	0.00162043
-219.80000008	0.00143781
-219.76666675	0.00143373
-219.73333341	0.00133909
-219.70000008	0.00111273
-219.66666675	0.00101663
-219.63333342	0.00111596
-219.60000008	0.00098910
-219.56666675	0.00074696
-219.53333342	0.00042576
-219.50000008	0.00037994
-219.46666675	0.00025428
-219.43333342	0.00010744
-219.40000008	-0.00004537
-219.36666675	-0.00003772
-219.33333342	-0.00024490
-219.30000009	-0.00034742
-219.26666675	-0.00044488
-219.23333342	-0.00055654
-219.20000009	-0.00068480
-219.16666675	-0.00074163
-219.13333342	-0.00098515
-219.10000009	-0.00109821
-219.06666675	-0.00125103
-219.03333342	-0.00137604
-219.00000009	-0.00153399
-218.96666676	-0.00157888
-218.93333342	-0.00166072
-218.90000009	-0.00180800
-218.86666676	-0.00179730
-218.83333342	-0.00203703
-218.80000009	-0.00214840
-218.76666676	-0.00215254
-218.73333342	-0.00231930
-218.70000009	-0.00233769
-218.66666676	-0.00256503
-218.63333342	-0.00254317
-218.60000009	-0.00265255
-218.56666676	-0.00276891
-218.53333343	-0.00288019
-218.50000009	-0.00301755
-218.46666676	-0.00299774
-218.43333343	-0.00319776
-218.40000009	-0.00336521
-218.36666676	-0.00342004
-218.33333343	-0.00350586
-218.30000009	-0.00359701
-218.26666676	-0.00347642
-218.23333343	-0.00360738
-218.20000010	-0.00383972
-218.16666676	-0.00363419
-218.13333343	-0.00373841
-218.10000010	-0.00394171
-218.06666676	-0.00380746
-218.03333343	-0.00394329
-218.00000010	-0.00394823
-217.96666676	-0.00366500
-217.93333343	-0.00387787
-217.90000010	-0.00384192
-217.86666676	-0.00380616
-217.83333343	-0.00380697
-217.80000010	-0.00374079
-217.76666677	-0.00372224
-217.73333343	-0.00347437
-217.70000010	-0.00336050
-217.66666677	-0.00322971
-217.63333343	-0.00311715
-217.60000010	-0.00306562
-217.56666677	-0.00306859
-217.53333343	-0.00278330
-217.50000010	-0.00268703
-217.46666677	-0.00252883
-217.43333344	-0.00243410
-217.40000010	-0.00225228
-217.36666677	-0.00212839
-217.33333344	-0.00203426
-217.30000010	-0.00166836
-217.26666677	-0.00141231
-217.23333344	-0.00137741
-217.20000010	-0.00122922
-217.16666677	-0.00106497
-217.13333344	-0.00081532
-217.10000011	-0.00052054
-217.06666677	-0.00028250
-217.03333344	-0.00006798
-217.00000011	-0.00004273
-216.96666677	0.00014658
-216.93333344	0.00037422
-216.90000011	0.00044516
-216.86666677	0.00066983
-216.83333344	0.00063485
-216.80000011	0.00075337
-216.76666677	0.00101623
-216.73333344	0.00121039
-216.70000011	0.00140017
-216.66666678	0.00150453
-216.63333344	0.00157492
-216.60000011	0.00169755
-216.56666678	0.00207930
-216.53333344	0.00211970
-216.50000011	0.00234701
-216.46666678	0.00252053
-216.43333344	0.00253381
-216.40000011	0.00266610
-216.36666678	0.00289430
-216.33333345	0.00288866
-216.30000011	0.00308949
-216.26666678	0.00323886
-216.23333345	0.00349741
-216.20000011	0.00347732
-216.16666678	0.00366229
-216.13333345	0.00378549
-216.10000011	0.00378485
-216.06666678	0.00410811
-216.03333345	0.00413975
-216.00000011	0.00421687
-215.96666678	0.00438666
-215.93333345	0.00452874
-215.90000012	0.00474498
-215.86666678	0.00475701
-215.83333345	0.00479299
-215.80000012	0.00496683
-215.76666678	0.00500197
-215.73333345	0.00497303
-215.70000012	0.00512829
-215.66666678	0.00531854
-215.63333345	0.00536145
-215.60000012	0.00534374
-215.56666679	0.00563733
-215.53333345	0.00561553
-215.50000012	0.00571087
-215.46666679	0.00587934
-215.43333345	0.00596813
-215.40000012	0.00612019
-215.36666679	0.00619692
-215.33333345	0.00643024
-215.30000012	0.00642339
-215.26666679	0.00662684
-215.23333346	0.00664875
-215.20000012	0.00676381
-215.16666679	0.00678779
-215.13333346	0.00667278
-215.10000012	0.00669936
-215.06666679	0.00642868
-215.03333346	0.00627054
-215.00000012	0.00610325
-214.96666679	0.00573038
-214.93333346	0.00520095
-214.90000012	0.00481283
-214.86666679	0.00430595
-214.83333346	0.00371402
-214.80000013	0.00313847
-214.76666679	0.00255597
-214.73333346	0.00192456
-214.70000013	0.00141545
-214.66666679	0.00088668
-214.63333346	0.00042492
-214.60000013	0.00029866
-214.56666679	-0.00004075
-214.53333346	-0.00014361
-214.50000013	0.00004674
-214.46666680	0.00011058
-214.43333346	0.00004168
-214.40000013	0.00042593
-214.36666680	0.00068935
-214.33333346	0.00117250
-214.30000013	0.00134052
-214.26666680	0.00174820
-214.23333346	0.00238540
-214.20000013	0.00277370
-214.16666680	0.00324876
-214.13333346	0.00371566
-214.10000013	0.00434804
-214.06666680	0.00481582
-214.03333347	0.00513082
-214.00000013	0.00564981
-213.96666680	0.00609230
-213.93333347	0.00656211
-213.90000013	0.00694769
-213.86666680	0.00710457
-213.83333347	0.00730883
-213.80000013	0.00739411
-213.76666680	0.00755563
-213.73333347	0.00755387
-213.70000014	0.00742888
-213.66666680	0.00718594
-213.63333347	0.00691982
-213.60000014	0.00642666
-213.56666680	0.00582758
-213.53333347	0.00528241
-213.50000014	0.00448402
-213.46666680	0.00376357
-213.43333347	0.00295209
-213.40000014	0.00199470
-213.36666681	0.00094114
-213.33333347	0.00008175
-213.30000014	-0.00069110
-213.26666681	-0.00137064
-213.23333347	-0.00204422
-213.20000014	-0.00245840
-213.16666681	-0.00263668
-213.13333347	-0.00279968
-213.10000014	-0.00269641
-213.06666681	-0.00240789
-213.03333347	-0.00197175
-213.00000014	-0.00119150
-212.96666681	-0.00053199
-212.93333348	0.00035179
-212.90000014	0.00137347
-212.86666681	0.00226700
-212.83333348	0.00345651
-212.80000014	0.00439975
-212.76666681	0.00526253
-212.73333348	0.00623511
-212.70000014	0.00717948
-212.66666681	0.00804572
-212.63333348	0.00882043
-212.60000015	0.00959557
-212.56666681	0.01009846
-212.53333348	0.01051275
-212.50000015	0.01099059
-212.46666681	0.01139630
-212.43333348	0.01151588
-212.40000015	0.01190629
-212.36666681	0.01171623
-212.33333348	0.01194438
-212.30000015	0.01192785
-212.26666681	0.01186532
-212.23333348	0.01146427
-212.20000015	0.01128988
-212.16666682	0.01122218
-212.13333348	0.01075401
-212.10000015	0.01058197
-212.06666682	0.01039417
-212.03333348	0.01021832
-212.00000015	0.00968268
-211.96666682	0.00944474
-211.93333348	0.00917492
-211.90000015	0.00901671
-211.86666682	0.00856068
-211.83333349	0.00827266
-211.80000015	0.00814957
-211.76666682	0.00793924
-211.73333349	0.00756257
-211.70000015	0.00740210
-211.66666682	0.00748270
-211.63333349	0.00736957
-211.60000015	0.00733344
-211.56666682	0.00731745
-211.53333349	0.00731144
-211.50000016	0.00739543
-211.46666682	0.00740197
-211.43333349	0.00743808
-211.40000016	0.00749840
-211.36666682	0.00735618
-211.33333349	0.00755354
-211.30000016	0.00755212
-211.26666682	0.00759743
-211.23333349	0.00742460
-211.20000016	0.00745688
-211.16666682	0.00754806
-211.13333349	0.00738393
-211.10000016	0.00715647
-211.06666683	0.00714932
-211.03333349	0.00728733
-211.00000016	0.00695502
-210.96666683	0.00691575
-210.93333349	0.00665783
-210.90000016	0.00637303
-210.86666683	0.00630148
-210.83333349	0.00617788
-210.80000016	0.00620896
-210.76666683	0.00628437
-210.73333350	0.00615710
-210.70000016	0.00624913
-210.66666683	0.00652424
-210.63333350	0.00655120
-210.60000016	0.00692520
-210.56666683	0.00698265
-210.53333350	0.00726476
-210.50000016	0.00766027
-210.46666683	0.00800358
-210.43333350	0.00832799
-210.40000017	0.00886900
-210.36666683	0.00918945
-210.33333350	0.00970412
-210.30000017	0.00996327
-210.26666683	0.01040379
-210.23333350	0.01080334
-210.20000017	0.01115039
-210.16666683	0.01158998
-210.13333350	0.01211620
-210.10000017	0.01260436
-210.06666683	0.01299946
-210.03333350	0.01339278
-210.00000017	0.01384585
-209.96666684	0.01444894
-209.93333350	0.01489780
-209.90000017	0.01545389
-209.86666684	0.01618385
-209.83333350	0.01669880
-209.80000017	0.01750322
-209.76666684	0.01816738
-209.73333350	0.01888899
-209.70000017	0.01959478
-209.66666684	0.02045589
-209.63333351	0.02132705
-209.60000017	0.02230722
-209.56666684	0.02298831
-209.53333351	0.02409633
-209.50000017	0.02509100
-209.46666684	0.02622889
-209.43333351	0.02748374
-209.40000017	0.02861244
-209.36666684	0.02994824
-209.33333351	0.03149777
-209.30000017	0.03286993
-209.26666684	0.03485196
-209.23333351	0.03644917
-209.20000018	0.03832814
-209.16666684	0.04049644
-209.13333351	0.04281236
-209.10000018	0.04500173
-209.06666684	0.04767912
-209.03333351	0.05016840
-209.00000018	0.05297349
-208.96666684	0.05603620
-208.93333351	0.05924859
-208.90000018	0.06227174
-208.86666685	0.06596586
-208.83333351	0.06959643
-208.80000018	0.07347455
-208.76666685	0.07760045
-208.73333351	0.08190205
-208.70000018	0.08656069
-208.66666685	0.09140186
-208.63333351	0.09661409
-208.60000018	0.10212550
-208.56666685	0.10800974
-208.53333352	0.11387358
-208.50000018	0.12029479
-208.46666685	0.12693410
-208.43333352	0.13389849
-208.40000018	0.14127493
-208.36666685	0.14886167
-208.33333352	0.15704949
-208.30000018	0.16551750
-208.26666685	0.17422196
-208.23333352	0.18352469
-208.20000018	0.19316189
-208.16666685	0.20326566
-208.13333352	0.21380254
-208.10000019	0.22461615
-208.06666685	0.23604054
-208.03333352	0.24748696
-208.00000019	0.25953018
-207.96666685	0.27171208
-207.93333352	0.28401196
-207.90000019	0.29633882
-207.86666685	0.30855038
-207.83333352	0.32018653
-207.80000019	0.33139745
-207.76666686	0.34153824
-207.73333352	0.35008447
-207.70000019	0.35690446
-207.66666686	0.36130533
-207.63333352	0.36219500
-207.60000019	0.35898919
-207.56666686	0.35030396
-207.53333352	0.33453342
-207.50000019	0.30973614
-207.46666686	0.27388849
-207.43333352	0.22415314
-207.40000019	0.15785081
-207.36666686	0.07161675
-207.33333353	-0.03758003
-207.30000019	-0.17239240
-207.26666686	-0.33432179
-207.23333353	-0.52447759
-207.20000019	-0.74114435
-207.16666686	-0.98113855
-207.13333353	-1.23907888
-207.10000019	-1.50684746
-207.06666686	-1.77499719
-207.03333353	-2.03230278
-207.00000020	-2.26769262
-206.96666686	-2.46999220
-206.93333353	-2.62958371
-206.90000020	-2.73976712
-206.86666686	-2.79567082
-206.83333353	-2.79552003
-206.80000020	-2.73982692
-206.76666686	-2.63185327
-206.73333353	-2.47662702
-206.70000020	-2.28000156
-206.66666687	-2.04894337
-206.63333353	-1.79163967
-206.60000020	-1.51540839
-206.56666687	-1.22805140
-206.53333353	-0.93741056
-206.50000020	-0.64892621
-206.46666687	-0.36831523
-206.43333353	-0.09971981
-206.40000020	0.15379565
-206.36666687	0.39040928
-206.33333353	0.60822911
-206.30000020	0.80578896
-206.26666687	0.98191074
-206.23333354	1.13607774
-206.20000020	1.26849174
-206.16666687	1.37978508
-206.13333354	1.47091210
-206.10000020	1.54401254
-206.06666687	1.59970820
-206.03333354	1.63949175
-206.00000020	1.66342823
-205.96666687	1.67220940
-205.93333354	1.66631668
-205.90000021	1.64606642
-205.86666687	1.61249019
-205.83333354	1.56665885
-205.80000021	1.50946168
-205.76666687	1.44235664
-205.73333354	1.36634738
-205.70000021	1.28274033
-205.66666687	1.19315605
-205.63333354	1.09974995
-205.60000021	1.00466141
-205.56666687	0.91085509
-205.53333354	0.82007513
-205.50000021	0.73510183
-205.46666688	0.65762739
-205.43333354	0.58886468
-205.40000021	0.52909236
-205.36666688	0.47807233
-205.33333354	0.43504706
-205.30000021	0.39845363
-205.26666688	0.36725258
-205.23333354	0.33958484
-205.20000021	0.31370400
-205.16666688	0.28804723
-205.13333355	0.26140647
-205.10000021	0.23255169
-205.06666688	0.20097045
-205.03333355	0.16634206
-205.00000021	0.13011066
-204.96666688	0.09257195
-204.93333355	0.05628513
-204.90000021	0.02196528
-204.86666688	-0.00839249
-204.83333355	-0.03463747
-204.80000022	-0.05598334
-204.76666688	-0.07234110
-204.73333355	-0.08455327
-204.70000022	-0.09286961
-204.66666688	-0.09737528
-204.63333355	-0.09877366
-204.60000022	-0.09742032
-204.56666688	-0.09405345
-204.53333355	-0.08900800
-204.50000022	-0.08311718
-204.46666688	-0.07756098
-204.43333355	-0.07214848
-204.40000022	-0.06757858
-204.36666689	-0.06413603
-204.33333355	-0.06142966
-204.30000022	-0.05965815
-204.26666689	-0.05849900
-204.23333355	-0.05800110
-204.20000022	-0.05810469
-204.16666689	-0.05890909
-204.13333355	-0.06061803
-204.10000022	-0.06299391
-204.06666689	-0.06620550
-204.03333356	-0.07039038
-204.00000022	-0.07526324
-203.96666689	-0.08122073
-203.93333356	-0.08775581
-203.90000022	-0.09519415
-203.86666689	-0.10222573
-203.83333356	-0.10851755
-203.80000022	-0.11319275
-203.76666689	-0.11554063
-203.73333356	-0.11487710
-203.70000022	-0.11087644
-203.66666689	-0.10351818
-203.63333356	-0.09261550
-203.60000023	-0.07862804
-203.56666689	-0.06149739
-203.53333356	-0.04230903
-203.50000023	-0.02145238
-203.46666689	-0.00016246
-203.43333356	0.01996800
-203.40000023	0.03802848
-203.36666689	0.05249377
-203.33333356	0.06208384
-203.30000023	0.06580859
-203.26666690	0.06406132
-203.23333356	0.05674201
-203.20000023	0.04477419
-203.16666690	0.02930628
-203.13333356	0.01172168
-203.10000023	-0.00643920
-203.06666690	-0.02390933
-203.03333356	-0.03963443
-203.00000023	-0.05251398
-202.96666690	-0.06218294
-202.93333357	-0.06825498
-202.90000023	-0.07104200
-202.86666690	-0.07080022
-202.83333357	-0.06876074
-202.80000023	-0.06596971
-202.76666690	-0.06347114
-202.73333357	-0.06177838
-202.70000023	-0.06191559
-202.66666690	-0.06400581
-202.63333357	-0.06784322
-202.60000023	-0.07334099
-202.56666690	-0.08007969
-202.53333357	-0.08759245
-202.50000024	-0.09604168
-202.46666690	-0.10412957
-202.43333357	-0.11217154
-202.40000024	-0.11923142
-202.36666690	-0.12475070
-202.33333357	-0.12877551
-202.30000024	-0.13083862
-202.26666690	-0.13104877
-202.23333357	-0.12909425
-202.20000024	-0.12526370
-202.16666691	-0.11938144
-202.13333357	-0.11180792
-202.10000024	-0.10298503
-202.06666691	-0.09334039
-202.03333357	-0.08319182
-202.00000024	-0.07329451
-201.96666691	-0.06385254
-201.93333357	-0.05458841
-201.90000024	-0.04566991
-201.86666691	-0.03681069
-201.83333357	-0.02752229
-201.80000024	-0.01784917
-201.76666691	-0.00704966
-201.73333358	0.00383867
-201.70000024	0.01467781
-201.66666691	0.02469898
-201.63333358	0.03294636
-201.60000024	0.03887906
-201.56666691	0.04233503
-201.53333358	0.04365400
-201.50000024	0.04305006
-201.46666691	0.04077271
-201.43333358	0.03727417
-201.40000025	0.03259536
-201.36666691	0.02650805
-201.33333358	0.01922678
-201.30000025	0.01102726
-201.26666691	0.00208504
-201.23333358	-0.00710164
-201.20000025	-0.01643492
-201.16666691	-0.02536946
-201.13333358	-0.03401221
-201.10000025	-0.04249063
-201.06666692	-0.05046262
-201.03333358	-0.05788961
-201.00000025	-0.06475197
-200.96666692	-0.07093721
-200.93333358	-0.07632541
-200.90000025	-0.08072765
-200.86666692	-0.08390485
-200.83333358	-0.08586797
-200.80000025	-0.08591272
-200.76666692	-0.08377444
-200.73333358	-0.07958018
-200.70000025	-0.07372199
-200.66666692	-0.06643442
-200.63333359	-0.05814964
-200.60000025	-0.04969063
-200.56666692	-0.04137769
-200.53333359	-0.03388738
-200.50000025	-0.02695226
-200.46666692	-0.02072875
-200.43333359	-0.01560213
-200.40000025	-0.01161640
-200.36666692	-0.00842371
-200.33333359	-0.00636691
-200.30000026	-0.00483535
-200.26666692	-0.00335540
-200.23333359	-0.00148469
-200.20000026	0.00077155
-200.16666692	0.00349432
-200.13333359	0.00673061
-200.10000026	0.00987426
-200.06666692	0.01286035
-200.03333359	0.01579287
-200.00000026	0.01887965
-199.96666692	0.02242264
-199.93333359	0.02671721
-199.90000026	0.03109663
-199.86666693	0.03559868
-199.83333359	0.03893298
-199.80000026	0.04092709
-199.76666693	0.04061143
-199.73333359	0.03812014
-199.70000026	0.03327696
-199.66666693	0.02648771
-199.63333359	0.01776994
-199.60000026	0.00789431
-199.56666693	-0.00343599
-199.53333360	-0.01589556
-199.50000026	-0.02857669
-199.46666693	-0.04160930
-199.43333360	-0.05382715
-199.40000026	-0.06518038
-199.36666693	-0.07513257
-199.33333360	-0.08288131
-199.30000026	-0.08843266
-199.26666693	-0.09154429
-199.23333360	-0.09216814
-199.20000027	-0.09034712
-199.16666693	-0.08627431
-199.13333360	-0.08044124
-199.10000027	-0.07348710
-199.06666693	-0.06605475
-199.03333360	-0.05832496
-199.00000027	-0.05084116
-198.96666693	-0.04332566
-198.93333360	-0.03611120
-198.90000027	-0.02887743
-198.86666693	-0.02142208
-198.83333360	-0.01423824
-198.80000027	-0.00682906
-198.76666694	0.00013386
-198.73333360	0.00666986
-198.70000027	0.01281795
-198.66666694	0.01776069
-198.63333360	0.02163879
-198.60000027	0.02436419
-198.56666694	0.02543672
-198.53333360	0.02478869
-198.50000027	0.02274858
-198.46666694	0.01958328
-198.43333361	0.01536832
-198.40000027	0.01045542
-198.36666694	0.00556088
-198.33333361	0.00083606
-198.30000027	-0.00324267
-198.26666694	-0.00663380
-198.23333361	-0.00895725
-198.20000027	-0.01024394
-198.16666694	-0.01014324
-198.13333361	-0.00851745
-198.10000027	-0.00535786
-198.06666694	-0.00051290
-198.03333361	0.00573797
-198.00000028	0.01293694
-197.96666694	0.02105954
-197.93333361	0.02995271
-197.90000028	0.03914187
-197.86666694	0.04825459
-197.83333361	0.05708864
-197.80000028	0.06524976
-197.76666694	0.07216636
-197.73333361	0.07709413
-197.70000028	0.07958220
-197.66666695	0.07914030
-197.63333361	0.07607076
-197.60000028	0.07019311
-197.56666695	0.06224438
-197.53333361	0.05258133
-197.50000028	0.04175530
-197.46666695	0.03070451
-197.43333361	0.01921597
-197.40000028	0.00782448
-197.36666695	-0.00295029
-197.33333362	-0.01296906
-197.30000028	-0.02197816
-197.26666695	-0.02972894
-197.23333362	-0.03650912
-197.20000028	-0.04219561
-197.16666695	-0.04654607
-197.13333362	-0.04980165
-197.10000028	-0.05209707
-197.06666695	-0.05277702
-197.03333362	-0.05223299
-197.00000028	-0.05033257
-196.96666695	-0.04731726
-196.93333362	-0.04340074
-196.90000029	-0.03920022
-196.86666695	-0.03500704
-196.83333362	-0.03120921
-196.80000029	-0.02779249
-196.76666695	-0.02538990
-196.73333362	-0.02322686
-196.70000029	-0.02116842
-196.66666695	-0.01907778
-196.63333362	-0.01674577
-196.60000029	-0.01419978
-196.56666696	-0.01118229
-196.53333362	-0.00805370
-196.50000029	-0.00500759
-196.46666696	-0.00140711
-196.43333362	0.00198674
-196.40000029	0.00580548
-196.36666696	0.01004515
-196.33333362	0.01463691
-196.30000029	0.01941026
-196.26666696	0.02444433
-196.23333362	0.02909927
-196.20000029	0.03364754
-196.16666696	0.03762595
-196.13333363	0.04118607
-196.10000029	0.04406088
-196.06666696	0.04624070
-196.03333363	0.04803014
-196.00000029	0.04942532
-195.96666696	0.05021403
-195.93333363	0.05003990
-195.90000029	0.04926177
-195.86666696	0.04700503
-195.83333363	0.04375568
-195.80000030	0.03928421
-195.76666696	0.03409818
-195.73333363	0.02792281
-195.70000030	0.02133742
-195.66666696	0.01446971
-195.63333363	0.00713908
-195.60000030	-0.00090700
-195.56666696	-0.00936517
-195.53333363	-0.01891376
-195.50000030	-0.02844558
-195.46666697	-0.03850259
-195.43333363	-0.04799859
-195.40000030	-0.05654276
-195.36666697	-0.06349042
-195.33333363	-0.06865415
-195.30000030	-0.07196415
-195.26666697	-0.07303292
-195.23333363	-0.07184308
-195.20000030	-0.06831069
-195.16666697	-0.06263927
-195.13333363	-0.05477673
-195.10000030	-0.04488535
-195.06666697	-0.03331114
-195.03333364	-0.02084615
-195.00000030	-0.00791920
-194.96666697	0.00472972
-194.93333364	0.01642085
-194.90000030	0.02638886
-194.86666697	0.03410792
-194.83333364	0.03894210
-194.80000030	0.04068408
-194.76666697	0.03968130
-194.73333364	0.03559638
-194.70000031	0.02924138
-194.66666697	0.02125698
-194.63333364	0.01251778
-194.60000031	0.00358474
-194.56666697	-0.00438535
-194.53333364	-0.01099170
-194.50000031	-0.01550220
-194.46666697	-0.01759284
-194.43333364	-0.01745608
-194.40000031	-0.01504615
-194.36666697	-0.01043008
-194.33333364	-0.00414198
-194.30000031	0.00367970
-194.26666698	0.01222649
-194.23333364	0.02077663
-194.20000031	0.02906127
-194.16666698	0.03600356
-194.13333364	0.04111861
-194.10000031	0.04396268
-194.06666698	0.04400969
-194.03333364	0.04200579
-194.00000031	0.03784205
-193.96666698	0.03211988
-193.93333365	0.02526745
-193.90000031	0.01773191
-193.86666698	0.01000402
-193.83333365	0.00255403
-193.80000031	-0.00458378
-193.76666698	-0.01098122
-193.73333365	-0.01617524
-193.70000031	-0.02041059
-193.66666698	-0.02385240
-193.63333365	-0.02639939
-193.60000032	-0.02856235
-193.56666698	-0.03008905
-193.53333365	-0.03130863
-193.50000032	-0.03207160
-193.46666698	-0.03266035
-193.43333365	-0.03238290
-193.40000032	-0.03107589
-193.36666698	-0.02894420
-193.33333365	-0.02539287
-193.30000032	-0.02095974
-193.26666698	-0.01565943
-193.23333365	-0.00987344
-193.20000032	-0.00418978
-193.16666699	0.00119297
-193.13333365	0.00553241
-193.10000032	0.00873094
-193.06666699	0.01017777
-193.03333365	0.00995424
-193.00000032	0.00792183
-192.96666699	0.00429787
-192.93333365	-0.00028251
-192.90000032	-0.00571969
-192.86666699	-0.01147170
-192.83333366	-0.01678361
-192.80000032	-0.02119283
-192.76666699	-0.02409688
-192.73333366	-0.02453959
-192.70000032	-0.02253532
-192.66666699	-0.01810289
-192.63333366	-0.01115730
-192.60000032	-0.00188513
-192.56666699	0.00873119
-192.53333366	0.01994245
-192.50000032	0.03090257
-192.46666699	0.04097999
-192.43333366	0.04883167
-192.40000033	0.05462655
-192.36666699	0.05757207
-192.33333366	0.05826709
-192.30000033	0.05668301
-192.26666699	0.05307351
-192.23333366	0.04762332
-192.20000033	0.04137730
-192.16666699	0.03447209
-192.13333366	0.02699167
-192.10000033	0.01891842
-192.06666700	0.01055321
-192.03333366	0.00216249
-192.00000033	-0.00678785
-191.96666700	-0.01635091
-191.93333366	-0.02646563
-191.90000033	-0.03676639
-191.86666700	-0.04696886
-191.83333366	-0.05655995
-191.80000033	-0.06537971
-191.76666700	-0.07274001
-191.73333367	-0.07793302
-191.70000033	-0.08057385
-191.66666700	-0.08074343
-191.63333367	-0.07786833
-191.60000033	-0.07232122
-191.56666700	-0.06413123
-191.53333367	-0.05395801
-191.50000033	-0.04221933
-191.46666700	-0.02972946
-191.43333367	-0.01728973
-191.40000033	-0.00569220
-191.36666700	0.00382569
-191.33333367	0.01104620
-191.30000034	0.01553427
-191.26666700	0.01676949
-191.23333367	0.01520329
-191.20000034	0.01106792
-191.16666700	0.00507969
-191.13333367	-0.00203393
-191.10000034	-0.00983925
-191.06666700	-0.01718471
-191.03333367	-0.02283634
-191.00000034	-0.02622357
-190.96666701	-0.02635025
-190.93333367	-0.02322451
-190.90000034	-0.01664293
-190.86666701	-0.00684324
-190.83333367	0.00557175
-190.80000034	0.01924784
-190.76666701	0.03324578
-190.73333367	0.04657479
-190.70000034	0.05785972
-190.66666701	0.06645145
-190.63333367	0.07191642
-190.60000034	0.07411177
-190.56666701	0.07270969
-190.53333368	0.06813641
-190.50000034	0.06076444
-190.46666701	0.05102417
-190.43333368	0.03955431
-190.40000034	0.02651197
-190.36666701	0.01272737
-190.33333368	-0.00145931
-190.30000034	-0.01525135
-190.26666701	-0.02870392
-190.23333368	-0.04087939
-190.20000035	-0.05182141
-190.16666701	-0.06111658
-190.13333368	-0.06813652
-190.10000035	-0.07277660
-190.06666701	-0.07518119
-190.03333368	-0.07506921
-190.00000035	-0.07257285
-189.96666701	-0.06813761
-189.93333368	-0.06218556
-189.90000035	-0.05477328
-189.86666702	-0.04657177
-189.83333368	-0.03793079
-189.80000035	-0.02911758
-189.76666702	-0.02078731
-189.73333368	-0.01313148
-189.70000035	-0.00645113
-189.66666702	-0.00096607
-189.63333368	0.00328998
-189.60000035	0.00619283
-189.56666702	0.00828299
-189.53333368	0.00950897
-189.50000035	0.00961566
-189.46666702	0.00865256
-189.43333369	0.00708492
-189.40000035	0.00423935
-189.36666702	0.00047741
-189.33333369	-0.00390989
-189.30000035	-0.00823868
-189.26666702	-0.01235020
-189.23333369	-0.01540839
-189.20000035	-0.01712153
-189.16666702	-0.01730703
-189.13333369	-0.01581528
-189.10000036	-0.01224701
-189.06666702	-0.00720039
-189.03333369	-0.00072408
-189.00000036	0.00704390
-188.96666702	0.01550389
-188.93333369	0.02422086
-188.90000036	0.03243996
-188.86666702	0.03995194
-188.83333369	0.04610278
-188.80000036	0.05069037
-188.76666703	0.05331959
-188.73333369	0.05379738
-188.70000036	0.05234469
-188.66666703	0.04924410
-188.63333369	0.04466325
-188.60000036	0.03932269
-188.56666703	0.03366301
-188.53333369	0.02747754
-188.50000036	0.02133799
-188.46666703	0.01562105
-188.43333369	0.01019095
-188.40000036	0.00526572
-188.36666703	0.00090723
-188.33333370	-0.00292875
-188.30000036	-0.00657086
-188.26666703	-0.00971001
-188.23333370	-0.01243635
-188.20000036	-0.01454164
-188.16666703	-0.01653535
-188.13333370	-0.01797693
-188.10000036	-0.01911542
-188.06666703	-0.01958807
-188.03333370	-0.01979889
-188.00000037	-0.01973365
-187.96666703	-0.01931729
-187.93333370	-0.01887815
-187.90000037	-0.01868900
-187.86666703	-0.01903434
-187.83333370	-0.02014194
-187.80000037	-0.02256217
-187.76666703	-0.02622001
-187.73333370	-0.03094285
-187.70000037	-0.03713006
-187.66666703	-0.04449048
-187.63333370	-0.05235519
-187.60000037	-0.06057953
-187.56666704	-0.06849974
-187.53333370	-0.07570182
-187.50000037	-0.08163986
-187.46666704	-0.08548607
-187.43333370	-0.08717086
-187.40000037	-0.08620162
-187.36666704	-0.08198593
-187.33333370	-0.07533099
-187.30000037	-0.06571916
-187.26666704	-0.05366903
-187.23333371	-0.04026931
-187.20000037	-0.02615726
-187.16666704	-0.01218038
-187.13333371	0.00071650
-187.10000037	0.01226664
-187.06666704	0.02175570
-187.03333371	0.02937903
-187.00000037	0.03491007
-186.96666704	0.03839908
-186.93333371	0.04027719
-186.90000038	0.04061506
-186.86666704	0.03972028
-186.83333371	0.03783905
-186.80000038	0.03588763
-186.76666704	0.03345938
-186.73333371	0.03158173
-186.70000038	0.02993753
-186.66666704	0.02841400
-186.63333371	0.02717533
-186.60000038	0.02546827
-186.56666704	0.02372281
-186.53333371	0.02163941
-186.50000038	0.01931025
-186.46666705	0.01717277
-186.43333371	0.01489810
-186.40000038	0.01306240
-186.36666705	0.01134171
-186.33333371	0.00952485
-186.30000038	0.00751784
-186.26666705	0.00552415
-186.23333371	0.00350274
-186.20000038	0.00127290
-186.16666705	-0.00064897
-186.13333372	-0.00237517
-186.10000038	-0.00374894
-186.06666705	-0.00492333
-186.03333372	-0.00580355
-186.00000038	-0.00618955
-185.96666705	-0.00599204
-185.93333372	-0.00538259
-185.90000038	-0.00397714
-185.86666705	-0.00187102
-185.83333372	0.00076636
-185.80000038	0.00437213
-185.76666705	0.00821297
-185.73333372	0.01264307
-185.70000039	0.01693918
-185.66666705	0.02110695
-185.63333372	0.02531882
-185.60000039	0.02905786
-185.56666705	0.03228756
-185.53333372	0.03431711
-185.50000039	0.03600296
-185.46666705	0.03641170
-185.43333372	0.03597851
-185.40000039	0.03446082
-185.36666706	0.03218113
-185.33333372	0.02905115
-185.30000039	0.02549901
-185.26666706	0.02143208
-185.23333372	0.01713215
-185.20000039	0.01240575
-185.16666706	0.00797361
-185.13333372	0.00341430
-185.10000039	-0.00066932
-185.06666706	-0.00442097
-185.03333373	-0.00816317
-185.00000039	-0.01133995
-184.96666706	-0.01450207
-184.93333373	-0.01745706
-184.90000039	-0.02055177
-184.86666706	-0.02369102
-184.83333373	-0.02673105
-184.80000039	-0.02986701
-184.76666706	-0.03297973
-184.73333373	-0.03555771
-184.70000039	-0.03784146
-184.66666706	-0.03977993
-184.63333373	-0.04091214
-184.60000040	-0.04119382
-184.56666706	-0.04050360
-184.53333373	-0.03875974
-184.50000040	-0.03625191
-184.46666706	-0.03336917
-184.43333373	-0.03007510
-184.40000040	-0.02716959
-184.36666706	-0.02425145
-184.33333373	-0.02183796
-184.30000040	-0.01993801
-184.26666707	-0.01821867
-184.23333373	-0.01675381
-184.20000040	-0.01579168
-184.16666707	-0.01474921
-184.13333373	-0.01424763
-184.10000040	-0.01373162
-184.06666707	-0.01321506
-184.03333373	-0.01265419
-184.00000040	-0.01180025
-183.96666707	-0.01081862
-183.93333373	-0.00877826
-183.90000040	-0.00644320
-183.86666707	-0.00321989
-183.83333374	0.00037826
-183.80000040	0.00429320
-183.76666707	0.00842093
-183.73333374	0.01235886
-183.70000040	0.01610809
-183.66666707	0.01922768
-183.63333374	0.02144956
-183.60000040	0.02283079
-183.56666707	0.02287734
-183.53333374	0.02222613
-183.50000041	0.02054781
-183.46666707	0.01802431
-183.43333374	0.01490022
-183.40000041	0.01108541
-183.36666707	0.00716447
-183.33333374	0.00361902
-183.30000041	0.00063218
-183.26666707	-0.00192843
-183.23333374	-0.00342573
-183.20000041	-0.00385933
-183.16666708	-0.00368831
-183.13333374	-0.00246095
-183.10000041	-0.00086757
-183.06666708	0.00089146
-183.03333374	0.00249769
-183.00000041	0.00380332
-182.96666708	0.00445968
-182.93333374	0.00450515
-182.90000041	0.00366705
-182.86666708	0.00239073
-182.83333374	0.00034936
-182.80000041	-0.00247332
-182.76666708	-0.00564443
-182.73333375	-0.00911401
-182.70000041	-0.01314651
-182.66666708	-0.01715118
-182.63333375	-0.02106666
-182.60000041	-0.02454332
-182.56666708	-0.02735475
-182.53333375	-0.02958237
-182.50000041	-0.03092925
-182.46666708	-0.03132036
-182.43333375	-0.03112469
-182.40000042	-0.03041292
-182.36666708	-0.02878956
-182.33333375	-0.02652751
-182.30000042	-0.02372354
-182.26666708	-0.01997483
-182.23333375	-0.01550064
-182.20000042	-0.01029803
-182.16666708	-0.00422266
-182.13333375	0.00265087
-182.10000042	0.00938950
-182.06666708	0.01615132
-182.03333375	0.02253766
-182.00000042	0.02811076
-181.96666709	0.03263507
-181.93333375	0.03568109
-181.90000042	0.03730423
-181.86666709	0.03761954
-181.83333375	0.03638278
-181.80000042	0.03384904
-181.76666709	0.03092868
-181.73333375	0.02767605
-181.70000042	0.02460429
-181.66666709	0.02258534
-181.63333376	0.02157394
-181.60000042	0.02170178
-181.56666709	0.02317126
-181.53333376	0.02519800
-181.50000042	0.02795302
-181.46666709	0.03056819
-181.43333376	0.03263956
-181.40000042	0.03352563
-181.36666709	0.03317124
-181.33333376	0.03108936
-181.30000043	0.02733770
-181.26666709	0.02220907
-181.23333376	0.01583953
-181.20000043	0.00869686
-181.16666709	0.00152274
-181.13333376	-0.00576064
-181.10000043	-0.01239278
-181.06666709	-0.01854110
-181.03333376	-0.02398506
-181.00000043	-0.02846700
-180.96666709	-0.03165343
-180.93333376	-0.03401721
-180.90000043	-0.03547633
-180.86666710	-0.03580690
-180.83333376	-0.03520797
-180.80000043	-0.03372428
-180.76666710	-0.03140987
-180.73333376	-0.02814187
-180.70000043	-0.02411777
-180.66666710	-0.01949391
-180.63333376	-0.01432284
-180.60000043	-0.00912643
-180.56666710	-0.00387856
-180.53333377	0.00151211
-180.50000043	0.00717846
-180.46666710	0.01249746
-180.43333377	0.01807583
-180.40000043	0.02355228
-180.36666710	0.02912615
-180.33333377	0.03437530
-180.30000043	0.03909491
-180.26666710	0.04335957
-180.23333377	0.04647055
-180.20000043	0.04844571
-180.16666710	0.04916345
-180.13333377	0.04869085
-180.10000044	0.04686016
-180.06666710	0.04406874
-180.03333377	0.04045855
-180.00000044	0.03593783
-179.96666710	0.03125848
-179.93333377	0.02628055
-179.90000044	0.02191967
-179.86666710	0.01798358
-179.83333377	0.01505679
-179.80000044	0.01314550
-179.76666711	0.01213687
-179.73333377	0.01193379
-179.70000044	0.01263557
-179.66666711	0.01396989
-179.63333377	0.01533668
-179.60000044	0.01700132
-179.56666711	0.01827297
-179.53333377	0.01910833
-179.50000044	0.01936765
-179.46666711	0.01871655
-179.43333378	0.01736611
-179.40000044	0.01550150
-179.36666711	0.01277018
-179.33333378	0.00986665
-179.30000044	0.00660735
-179.26666711	0.00299903
-179.23333378	-0.00085659
-179.20000044	-0.00496481
-179.16666711	-0.00896722
-179.13333378	-0.01325063
-179.10000044	-0.01741065
-179.06666711	-0.02081832
-179.03333378	-0.02341948
-179.00000045	-0.02526946
-178.96666711	-0.02571158
-178.93333378	-0.02474418
-178.90000045	-0.02277680
-178.86666711	-0.01900647
-178.83333378	-0.01408829
-178.80000045	-0.00800319
-178.76666711	-0.00120116
-178.73333378	0.00597036
-178.70000045	0.01292215
-178.66666712	0.01957332
-178.63333378	0.02505894
-178.60000045	0.02957621
-178.56666712	0.03256216
-178.53333378	0.03399015
-178.50000045	0.03378273
-178.46666712	0.03258977
-178.43333378	0.03044807
-178.40000045	0.02709414
-178.36666712	0.02310622
-178.33333378	0.01868093
-178.30000045	0.01411762
-178.26666712	0.00969453
-178.23333379	0.00559187
-178.20000045	0.00216730
-178.16666712	-0.00020006
-178.13333379	-0.00133597
-178.10000045	-0.00126382
-178.06666712	0.00016574
-178.03333379	0.00235005
-178.00000045	0.00543586
-177.96666712	0.00923077
-177.93333379	0.01327407
-177.90000046	0.01722004
-177.86666712	0.02085497
-177.83333379	0.02394751
-177.80000046	0.02639697
-177.76666712	0.02739364
-177.73333379	0.02728690
-177.70000046	0.02597696
-177.66666712	0.02344305
-177.63333379	0.01969530
-177.60000046	0.01533113
-177.56666713	0.01015025
-177.53333379	0.00458043
-177.50000046	-0.00137294
-177.46666713	-0.00719150
-177.43333379	-0.01311660
-177.40000046	-0.01891860
-177.36666713	-0.02419659
-177.33333379	-0.02929766
-177.30000046	-0.03387439
-177.26666713	-0.03800266
-177.23333379	-0.04085085
-177.20000046	-0.04306618
-177.16666713	-0.04382129
-177.13333380	-0.04351194
-177.10000046	-0.04214397
-177.06666713	-0.03956720
-177.03333380	-0.03609041
-177.00000046	-0.03207864
-176.96666713	-0.02798180
-176.93333380	-0.02405397
-176.90000046	-0.02014281
-176.86666713	-0.01675037
-176.83333380	-0.01358602
-176.80000047	-0.01075056
-176.76666713	-0.00785746
-176.73333380	-0.00494755
-176.70000047	-0.00240293
-176.66666713	0.00036726
-176.63333380	0.00324000
-176.60000047	0.00576115
-176.56666713	0.00820816
-176.53333380	0.01029709
-176.50000047	0.01212726
-176.46666713	0.01318919
-176.43333380	0.01393853
-176.40000047	0.01375285
-176.36666714	0.01352715
-176.33333380	0.01263492
-176.30000047	0.01192732
-176.26666714	0.01091305
-176.23333380	0.01008304
-176.20000047	0.00943819
-176.16666714	0.00863025
-176.13333380	0.00785497
-176.10000047	0.00702824
-176.06666714	0.00582738
-176.03333381	0.00446704
-176.00000047	0.00266307
-175.96666714	0.00084861
-175.93333381	-0.00103776
-175.90000047	-0.00317960
-175.86666714	-0.00569270
-175.83333381	-0.00850698
-175.80000047	-0.01146687
-175.76666714	-0.01450619
-175.73333381	-0.01782504
-175.70000048	-0.02120149
-175.66666714	-0.02426719
-175.63333381	-0.02746813
-175.60000048	-0.02986582
-175.56666714	-0.03201666
-175.53333381	-0.03336299
-175.50000048	-0.03403047
-175.46666714	-0.03362625
-175.43333381	-0.03254146
-175.40000048	-0.02996316
-175.36666714	-0.02653934
-175.33333381	-0.02182496
-175.30000048	-0.01629464
-175.26666715	-0.01013114
-175.23333381	-0.00337425
-175.20000048	0.00359496
-175.16666715	0.01066496
-175.13333381	0.01729323
-175.10000048	0.02345332
-175.06666715	0.02875133
-175.03333381	0.03329334
-175.00000048	0.03697698
-174.96666715	0.03978187
-174.93333382	0.04161044
-174.90000048	0.04301796
-174.86666715	0.04391888
-174.83333382	0.04435965
-174.80000048	0.04464265
-174.76666715	0.04458139
-174.73333382	0.04437356
-174.70000048	0.04379595
-174.66666715	0.04305831
-174.63333382	0.04243738
-174.60000048	0.04169522
-174.56666715	0.04105818
-174.53333382	0.04051147
-174.50000049	0.03980761
-174.46666715	0.03917034
-174.43333382	0.03841708
-174.40000049	0.03779090
-174.36666715	0.03701903
-174.33333382	0.03595125
-174.30000049	0.03421170
-174.26666715	0.03211976
-174.23333382	0.02927428
-174.20000049	0.02558697
-174.16666716	0.02094313
-174.13333382	0.01594102
-174.10000049	0.01035667
-174.06666716	0.00456310
-174.03333382	-0.00081774
-174.00000049	-0.00593665
-173.96666716	-0.01016573
-173.93333382	-0.01332429
-173.90000049	-0.01537957
-173.86666716	-0.01626539
-173.83333383	-0.01604878
-173.80000049	-0.01508723
-173.76666716	-0.01344438
-173.73333383	-0.01192774
-173.70000049	-0.01068221
-173.66666716	-0.00992141
-173.63333383	-0.00968752
-173.60000049	-0.01021555
-173.56666716	-0.01135360
-173.53333383	-0.01284524
-173.50000049	-0.01442032
-173.46666716	-0.01556878
-173.43333383	-0.01680597
-173.40000050	-0.01724720
-173.36666716	-0.01700664
-173.33333383	-0.01606435
-173.30000050	-0.01463832
-173.26666716	-0.01294070
-173.23333383	-0.01079832
-173.20000050	-0.00849875
-173.16666716	-0.00615464
-173.13333383	-0.00385298
-173.10000050	-0.00193866
-173.06666717	-0.00010906
-173.03333383	0.00157996
-173.00000050	0.00273517
-172.96666717	0.00375819
-172.93333383	0.00483057
-172.90000050	0.00529884
-172.86666717	0.00597953
-172.83333383	0.00639698
-172.80000050	0.00684734
-172.76666717	0.00701677
-172.73333383	0.00691505
-172.70000050	0.00676657
-172.66666717	0.00633850
-172.63333384	0.00603041
-172.60000050	0.00510043
-172.56666717	0.00458993
-172.53333384	0.00379013
-172.50000050	0.00334070
-172.46666717	0.00271741
-172.43333384	0.00208019
-172.40000050	0.00130073
-172.36666717	0.00003679
-172.33333384	-0.00154729
-172.30000051	-0.00367764
-172.26666717	-0.00605221
-172.23333384	-0.00920099
-172.20000051	-0.01236735
-172.16666717	-0.01615442
-172.13333384	-0.02000354
-172.10000051	-0.02410367
-172.06666717	-0.02851242
-172.03333384	-0.03264670
-172.00000051	-0.03706312
-171.96666718	-0.04107378
-171.93333384	-0.04520543
-171.90000051	-0.04903255
-171.86666718	-0.05228313
-171.83333384	-0.05520733
-171.80000051	-0.05726588
-171.76666718	-0.05847696
-171.73333384	-0.05898918
-171.70000051	-0.05815142
-171.66666718	-0.05638176
-171.63333384	-0.05350168
-171.60000051	-0.04964051
-171.56666718	-0.04485352
-171.53333385	-0.03947383
-171.50000051	-0.03346822
-171.46666718	-0.02747808
-171.43333385	-0.02112457
-171.40000051	-0.01510247
-171.36666718	-0.00930949
-171.33333385	-0.00403022
-171.30000051	0.00074146
-171.26666718	0.00492231
-171.23333385	0.00848816
-171.20000052	0.01154590
-171.16666718	0.01398683
-171.13333385	0.01585996
-171.10000052	0.01739243
-171.06666718	0.01849595
-171.03333385	0.01955216
-171.00000052	0.02051067
-170.96666718	0.02125401
-170.93333385	0.02200914
-170.90000052	0.02293000
-170.86666718	0.02377679
-170.83333385	0.02470545
-170.80000052	0.02571226
-170.76666719	0.02648047
-170.73333385	0.02705547
-170.70000052	0.02728979
-170.66666719	0.02698300
-170.63333385	0.02611241
-170.60000052	0.02467983
-170.56666719	0.02301985
-170.53333385	0.02085058
-170.50000052	0.01837329
-170.46666719	0.01587617
-170.43333386	0.01353469
-170.40000052	0.01120074
-170.36666719	0.00945571
-170.33333386	0.00802183
-170.30000052	0.00719868
-170.26666719	0.00696875
-170.23333386	0.00728806
-170.20000052	0.00816207
-170.16666719	0.00902954
-170.13333386	0.01004541
-170.10000053	0.01115126
-170.06666719	0.01195804
-170.03333386	0.01266928
-170.00000053	0.01317542
-169.96666719	0.01360977
-169.93333386	0.01422886
-169.90000053	0.01516447
-169.86666719	0.01629411
-169.83333386	0.01808205
-169.80000053	0.02041502
-169.76666719	0.02346317
-169.73333386	0.02729678
-169.70000053	0.03163253
-169.66666720	0.03627396
-169.63333386	0.04108294
-169.60000053	0.04584035
-169.56666720	0.05013539
-169.53333386	0.05379499
-169.50000053	0.05681678
-169.46666720	0.05869676
-169.43333386	0.05957130
-169.40000053	0.05877716
-169.36666720	0.05686067
-169.33333387	0.05367531
-169.30000053	0.04909738
-169.26666720	0.04380031
-169.23333387	0.03804900
-169.20000053	0.03188001
-169.16666720	0.02579626
-169.13333387	0.01954624
-169.10000053	0.01372336
-169.06666720	0.00797093
-169.03333387	0.00243770
-169.00000053	-0.00274336
-168.96666720	-0.00778212
-168.93333387	-0.01247830
-168.90000054	-0.01672234
-168.86666720	-0.02093008
-168.83333387	-0.02507889
-168.80000054	-0.02916883
-168.76666720	-0.03344864
-168.73333387	-0.03781289
-168.70000054	-0.04250494
-168.66666720	-0.04734051
-168.63333387	-0.05238316
-168.60000054	-0.05755557
-168.56666721	-0.06282908
-168.53333387	-0.06797645
-168.50000054	-0.07320455
-168.46666721	-0.07837325
-168.43333387	-0.08355921
-168.40000054	-0.08841742
-168.36666721	-0.09325902
-168.33333387	-0.09767411
-168.30000054	-0.10218461
-168.26666721	-0.10599918
-168.23333388	-0.10939045
-168.20000054	-0.11257882
-168.16666721	-0.11540333
-168.13333388	-0.11750102
-168.10000054	-0.11912397
-168.06666721	-0.12033340
-168.03333388	-0.12139448
-168.00000054	-0.12161701
-167.96666721	-0.12128633
-167.93333388	-0.12049252
-167.90000054	-0.11922332
-167.86666721	-0.11719232
-167.83333388	-0.11497057
-167.80000055	-0.11226043
-167.76666721	-0.10925538
-167.73333388	-0.10569943
-167.70000055	-0.10179570
-167.66666721	-0.09774653
-167.63333388	-0.09309970
-167.60000055	-0.08810582
-167.56666721	-0.08275089
-167.53333388	-0.07687388
-167.50000055	-0.07095725
-167.46666722	-0.06489866
-167.43333388	-0.05910672
-167.40000055	-0.05345133
-167.36666722	-0.04845164
-167.33333388	-0.04416376
-167.30000055	-0.04073187
-167.26666722	-0.03763338
-167.23333388	-0.03548014
-167.20000055	-0.03370810
-167.16666722	-0.03228938
-167.13333388	-0.03100033
-167.10000055	-0.02994306
-167.06666722	-0.02888684
-167.03333389	-0.02774224
-167.00000055	-0.02631896
-166.96666722	-0.02465073
-166.93333389	-0.02265910
-166.90000055	-0.02085454
-166.86666722	-0.01904983
-166.83333389	-0.01713069
-166.80000055	-0.01522035
-166.76666722	-0.01303163
-166.73333389	-0.01071912
-166.70000056	-0.00782215
-166.66666722	-0.00464635
-166.63333389	-0.00057584
-166.60000056	0.00394343
-166.56666722	0.00875836
-166.53333389	0.01379990
-166.50000056	0.01880786
-166.46666722	0.02372423
-166.43333389	0.02813357
-166.40000056	0.03202321
-166.36666723	0.03522570
-166.33333389	0.03777168
-166.30000056	0.03980655
-166.26666723	0.04167839
-166.23333389	0.04347619
-166.20000056	0.04560045
-166.16666723	0.04802028
-166.13333389	0.05129736
-166.10000056	0.05528340
-166.06666723	0.05993863
-166.03333389	0.06542071
-166.00000056	0.07166975
-165.96666723	0.07811320
-165.93333390	0.08496307
-165.90000056	0.09184197
-165.86666723	0.09835708
-165.83333390	0.10425905
-165.80000056	0.10916907
-165.76666723	0.11307586
-165.73333390	0.11551169
-165.70000056	0.11641139
-165.66666723	0.11596849
-165.63333390	0.11399728
-165.60000057	0.11061322
-165.56666723	0.10628553
-165.53333390	0.10114591
-165.50000057	0.09531689
-165.46666723	0.08915291
-165.43333390	0.08289344
-165.40000057	0.07631763
-165.36666723	0.06999517
-165.33333390	0.06358717
-165.30000057	0.05730583
-165.26666724	0.05157600
-165.23333390	0.04593901
-165.20000057	0.04061056
-165.16666724	0.03532718
-165.13333390	0.03040896
-165.10000057	0.02558724
-165.06666724	0.02107132
-165.03333390	0.01677564
-165.00000057	0.01294795
-164.96666724	0.00954292
-164.93333390	0.00680778
-164.90000057	0.00481096
-164.86666724	0.00333373
-164.83333391	0.00260284
-164.80000057	0.00244597
-164.76666724	0.00243044
-164.73333391	0.00220387
-164.70000057	0.00212500
-164.66666724	0.00176972
-164.63333391	0.00109175
-164.60000057	0.00038232
-164.56666724	-0.00066175
-164.53333391	-0.00168942
-164.50000058	-0.00236987
-164.46666724	-0.00302767
-164.43333391	-0.00334345
-164.40000058	-0.00309410
-164.36666724	-0.00270185
-164.33333391	-0.00158000
-164.30000058	0.00015774
-164.26666724	0.00233955
-164.23333391	0.00480832
-164.20000058	0.00793096
-164.16666724	0.01150774
-164.13333391	0.01542315
-164.10000058	0.01908554
-164.06666725	0.02300031
-164.03333391	0.02664799
-164.00000058	0.02982389
-163.96666725	0.03280400
-163.93333391	0.03504723
-163.90000058	0.03657507
-163.86666725	0.03749552
-163.83333391	0.03752356
-163.80000058	0.03693585
-163.76666725	0.03565416
-163.73333392	0.03363740
-163.70000058	0.03125284
-163.66666725	0.02835195
-163.63333392	0.02561441
-163.60000058	0.02325836
-163.56666725	0.02099840
-163.53333392	0.01961696
-163.50000058	0.01879553
-163.46666725	0.01855311
-163.43333392	0.01929337
-163.40000059	0.02070809
-163.36666725	0.02314403
-163.33333392	0.02579810
-163.30000059	0.02912190
-163.26666725	0.03316556
-163.23333392	0.03696834
-163.20000059	0.04069076
-163.16666725	0.04448436
-163.13333392	0.04760180
-163.10000059	0.04986629
-163.06666725	0.05114879
-163.03333392	0.05173427
-163.00000059	0.05122344
-162.96666726	0.04982751
-162.93333392	0.04774254
-162.90000059	0.04484329
-162.86666726	0.04149857
-162.83333392	0.03789312
-162.80000059	0.03387567
-162.76666726	0.02988724
-162.73333392	0.02632092
-162.70000059	0.02341159
-162.66666726	0.02114769
-162.63333393	0.01994529
-162.60000059	0.01987763
-162.56666726	0.02076173
-162.53333393	0.02264451
-162.50000059	0.02545902
-162.46666726	0.02908624
-162.43333393	0.03328145
-162.40000059	0.03802299
-162.36666726	0.04289530
-162.33333393	0.04766369
-162.30000059	0.05228268
-162.26666726	0.05632633
-162.23333393	0.05936915
-162.20000060	0.06183898
-162.16666726	0.06321193
-162.13333393	0.06358222
-162.10000060	0.06308105
-162.06666726	0.06125682
-162.03333393	0.05890382
-162.00000060	0.05602654
-161.96666726	0.05267517
-161.93333393	0.04943774
-161.90000060	0.04609404
-161.86666727	0.04309218
-161.83333393	0.04082670
-161.80000060	0.03913868
-161.76666727	0.03799908
-161.73333393	0.03806464
-161.70000060	0.03844705
-161.66666727	0.03940188
-161.63333393	0.04141191
-161.60000060	0.04329238
-161.56666727	0.04523177
-161.53333394	0.04704805
-161.50000060	0.04834722
-161.46666727	0.04918622
-161.43333394	0.04928216
-161.40000060	0.04841516
-161.36666727	0.04676922
-161.33333394	0.04443075
-161.30000060	0.04116244
-161.26666727	0.03724223
-161.23333394	0.03257421
-161.20000060	0.02768080
-161.16666727	0.02239050
-161.13333394	0.01719429
-161.10000061	0.01219360
-161.06666727	0.00737969
-161.03333394	0.00297457
-161.00000061	-0.00087744
-160.96666727	-0.00404193
-160.93333394	-0.00672076
-160.90000061	-0.00857761
-160.86666727	-0.00968712
-160.83333394	-0.01022800
-160.80000061	-0.00984977
-160.76666728	-0.00871055
-160.73333394	-0.00684776
-160.70000061	-0.00483621
-160.66666728	-0.00239339
-160.63333394	0.00049094
-160.60000061	0.00304071
-160.56666728	0.00552866
-160.53333394	0.00773407
-160.50000061	0.00940166
-160.46666728	0.01078255
-160.43333394	0.01149404
-160.40000061	0.01168913
-160.36666728	0.01125973
-160.33333395	0.01039443
-160.30000061	0.00869734
-160.26666728	0.00662617
-160.23333395	0.00397348
-160.20000061	0.00140928
-160.16666728	-0.00194945
-160.13333395	-0.00513022
-160.10000061	-0.00829390
-160.06666728	-0.01146114
-160.03333395	-0.01434296
-160.00000062	-0.01701892
-159.96666728	-0.01930192
-159.93333395	-0.02108162
-159.90000062	-0.02262244
-159.86666728	-0.02320573
-159.83333395	-0.02329910
-159.80000062	-0.02291091
-159.76666728	-0.02229479
-159.73333395	-0.02133162
-159.70000062	-0.01995434
-159.66666729	-0.01863607
-159.63333395	-0.01734208
-159.60000062	-0.01603427
-159.56666729	-0.01486850
-159.53333395	-0.01382750
-159.50000062	-0.01271313
-159.46666729	-0.01167844
-159.43333395	-0.01081434
-159.40000062	-0.01037887
-159.36666729	-0.00999670
-159.33333395	-0.00986316
-159.30000062	-0.00986248
-159.26666729	-0.00987293
-159.23333396	-0.00995048
-159.20000062	-0.00976656
-159.16666729	-0.00945079
-159.13333396	-0.00904159
-159.10000062	-0.00813141
-159.06666729	-0.00702794
-159.03333396	-0.00544566
-159.00000062	-0.00362795
-158.96666729	-0.00174292
-158.93333396	0.00048616
-158.90000063	0.00267751
-158.86666729	0.00472597
-158.83333396	0.00620503
-158.80000063	0.00740845
-158.76666729	0.00793476
-158.73333396	0.00802247
-158.70000063	0.00735508
-158.66666729	0.00636509
-158.63333396	0.00480281
-158.60000063	0.00335156
-158.56666729	0.00148486
-158.53333396	-0.00003272
-158.50000063	-0.00175851
-158.46666730	-0.00317845
-158.43333396	-0.00438836
-158.40000063	-0.00515034
-158.36666730	-0.00593540
-158.33333396	-0.00609847
-158.30000063	-0.00607718
-158.26666730	-0.00567517
-158.23333396	-0.00520454
-158.20000063	-0.00457879
-158.16666730	-0.00396110
-158.13333397	-0.00321946
-158.10000063	-0.00240137
-158.06666730	-0.00172276
-158.03333397	-0.00124524
-158.00000063	-0.00113369
-157.96666730	-0.00102665
-157.93333397	-0.00126366
-157.90000063	-0.00174567
-157.86666730	-0.00216244
-157.83333397	-0.00251866
-157.80000064	-0.00253527
-157.76666730	-0.00239478
-157.73333397	-0.00150593
-157.70000064	-0.00070311
-157.66666730	0.00071448
-157.63333397	0.00250241
-157.60000064	0.00438636
-157.56666730	0.00641477
-157.53333397	0.00822028
-157.50000064	0.00989467
-157.46666730	0.01092322
-157.43333397	0.01139610
-157.40000064	0.01102581
-157.36666731	0.01017221
-157.33333397	0.00848795
-157.30000064	0.00619937
-157.26666731	0.00350954
-157.23333397	0.00041176
-157.20000064	-0.00309137
-157.16666731	-0.00695432
-157.13333397	-0.01093591
-157.10000064	-0.01513152
-157.06666731	-0.01918158
-157.03333398	-0.02322955
-157.00000064	-0.02715571
-156.96666731	-0.03065017
-156.93333398	-0.03392370
-156.90000064	-0.03716943
-156.86666731	-0.03956109
-156.83333398	-0.04143823
-156.80000064	-0.04268923
-156.76666731	-0.04347046
-156.73333398	-0.04364322
-156.70000064	-0.04312516
-156.66666731	-0.04208409
-156.63333398	-0.04045914
-156.60000065	-0.03868783
-156.56666731	-0.03651598
-156.53333398	-0.03424347
-156.50000065	-0.03160388
-156.46666731	-0.02916566
-156.43333398	-0.02637977
-156.40000065	-0.02367618
-156.36666731	-0.02103024
-156.33333398	-0.01846185
-156.30000065	-0.01609067
-156.26666732	-0.01362491
-156.23333398	-0.01119322
-156.20000065	-0.00891329
-156.16666732	-0.00644151
-156.13333398	-0.00413006
-156.10000065	-0.00192628
-156.06666732	0.00030422
-156.03333398	0.00212346
-156.00000065	0.00400603
-155.96666732	0.00548656
-155.93333399	0.00642899
-155.90000065	0.00707300
-155.86666732	0.00716053
-155.83333399	0.00677584
-155.80000065	0.00569163
-155.76666732	0.00417286
-155.73333399	0.00195217
-155.70000065	-0.00078604
-155.66666732	-0.00397057
-155.63333399	-0.00751424
-155.60000065	-0.01122215
-155.56666732	-0.01504339
-155.53333399	-0.01885154
-155.50000066	-0.02234376
-155.46666732	-0.02557163
-155.43333399	-0.02835029
-155.40000066	-0.03051929
-155.36666732	-0.03195241
-155.33333399	-0.03239583
-155.30000066	-0.03199213
-155.26666732	-0.03089255
-155.23333399	-0.02859111
-155.20000066	-0.02608576
-155.16666733	-0.02276805
-155.13333399	-0.01930831
-155.10000066	-0.01517484
-155.06666733	-0.01141489
-155.03333399	-0.00746051
-155.00000066	-0.00411254
-154.96666733	-0.00109105
-154.93333399	0.00158548
-154.90000066	0.00345517
-154.86666733	0.00510584
-154.83333399	0.00620098
-154.80000066	0.00712172
-154.76666733	0.00795992
-154.73333400	0.00858762
-154.70000066	0.00935115
-154.66666733	0.01029602
-154.63333400	0.01122236
-154.60000066	0.01228252
-154.56666733	0.01337862
-154.53333400	0.01440129
-154.50000066	0.01583448
-154.46666733	0.01726674
-154.43333400	0.01873190
-154.40000067	0.02030671
-154.36666733	0.02159206
-154.33333400	0.02280421
-154.30000067	0.02383141
-154.26666733	0.02479768
-154.23333400	0.02537130
-154.20000067	0.02578615
-154.16666733	0.02594101
-154.13333400	0.02526015
-154.10000067	0.02439454
-154.06666734	0.02275792
-154.03333400	0.02049134
-154.00000067	0.01743138
-153.96666734	0.01382669
-153.93333400	0.00925582
-153.90000067	0.00393321
-153.86666734	-0.00202710
-153.83333400	-0.00851724
-153.80000067	-0.01544986
-153.76666734	-0.02224997
-153.73333400	-0.02880666
-153.70000067	-0.03475706
-153.66666734	-0.04003671
-153.63333401	-0.04416664
-153.60000067	-0.04707627
-153.56666734	-0.04842987
-153.53333401	-0.04805653
-153.50000067	-0.04614617
-153.46666734	-0.04278159
-153.43333401	-0.03766701
-153.40000067	-0.03123106
-153.36666734	-0.02382756
-153.33333401	-0.01579931
-153.30000068	-0.00716486
-153.26666734	0.00142856
-153.23333401	0.00954009
-153.20000068	0.01663602
-153.16666734	0.02279402
-153.13333401	0.02786397
-153.10000068	0.03122798
-153.06666734	0.03330003
-153.03333401	0.03384361
-153.00000068	0.03301402
-152.96666734	0.03119155
-152.93333401	0.02792986
-152.90000068	0.02406899
-152.86666735	0.01984250
-152.83333401	0.01548107
-152.80000068	0.01143869
-152.76666735	0.00812991
-152.73333401	0.00510694
-152.70000068	0.00298072
-152.66666735	0.00188783
-152.63333401	0.00130335
-152.60000068	0.00163049
-152.56666735	0.00238771
-152.53333402	0.00321230
-152.50000068	0.00422600
-152.46666735	0.00521396
-152.43333402	0.00623866
-152.40000068	0.00722183
-152.36666735	0.00760825
-152.33333402	0.00758768
-152.30000068	0.00732736
-152.26666735	0.00662994
-152.23333402	0.00588567
-152.20000069	0.00500109
-152.16666735	0.00409510
-152.13333402	0.00308537
-152.10000069	0.00220183
-152.06666735	0.00144325
-152.03333402	0.00068437
-152.00000069	0.00021007
-151.96666735	-0.00058748
-151.93333402	-0.00127396
-151.90000069	-0.00179764
-151.86666735	-0.00204731
-151.83333402	-0.00223691
-151.80000069	-0.00184491
-151.76666736	-0.00109663
-151.73333402	-0.00006091
-151.70000069	0.00134810
-151.66666736	0.00310015
-151.63333402	0.00512470
-151.60000069	0.00750965
-151.56666736	0.00978410
-151.53333402	0.01231643
-151.50000069	0.01473484
-151.46666736	0.01697411
-151.43333403	0.01897400
-151.40000069	0.02043047
-151.36666736	0.02116493
-151.33333403	0.02166107
-151.30000069	0.02131892
-151.26666736	0.01997882
-151.23333403	0.01797367
-151.20000069	0.01539188
-151.16666736	0.01236764
-151.13333403	0.00882348
-151.10000069	0.00555059
-151.06666736	0.00212109
-151.03333403	-0.00126531
-151.00000070	-0.00388575
-150.96666736	-0.00629153
-150.93333403	-0.00811740
-150.90000070	-0.00920228
-150.86666736	-0.00960708
-150.83333403	-0.00947813
-150.80000070	-0.00856981
-150.76666736	-0.00722634
-150.73333403	-0.00579211
-150.70000070	-0.00386104
-150.66666737	-0.00177946
-150.63333403	0.00011245
-150.60000070	0.00190577
-150.56666737	0.00361054
-150.53333403	0.00491916
-150.50000070	0.00587381
-150.46666737	0.00661605
-150.43333403	0.00662425
-150.40000070	0.00599990
-150.36666737	0.00470747
-150.33333404	0.00287793
-150.30000070	0.00044391
-150.26666737	-0.00274535
-150.23333404	-0.00638328
-150.20000070	-0.01024215
-150.16666737	-0.01432687
-150.13333404	-0.01848633
-150.10000070	-0.02207352
-150.06666737	-0.02540601
-150.03333404	-0.02799643
-150.00000070	-0.02954262
-149.96666737	-0.03036204
-149.93333404	-0.03008653
-149.90000071	-0.02865211
-149.86666737	-0.02633636
-149.83333404	-0.02323262
-149.80000071	-0.01964512
-149.76666737	-0.01591404
-149.73333404	-0.01215140
-149.70000071	-0.00869074
-149.66666737	-0.00571354
-149.63333404	-0.00313374
-149.60000071	-0.00161492
-149.56666738	-0.00062796
-149.53333404	-0.00020218
-149.50000071	-0.00064235
-149.46666738	-0.00133562
-149.43333404	-0.00248897
-149.40000071	-0.00388500
-149.36666738	-0.00522255
-149.33333404	-0.00673925
-149.30000071	-0.00814257
-149.26666738	-0.00938592
-149.23333404	-0.01063336
-149.20000071	-0.01206154
-149.16666738	-0.01349677
-149.13333405	-0.01504361
-149.10000071	-0.01660358
-149.06666738	-0.01866398
-149.03333405	-0.02083993
-149.00000071	-0.02311453
-148.96666738	-0.02559096
-148.93333405	-0.02798671
-148.90000071	-0.03020466
-148.86666738	-0.03214378
-148.83333405	-0.03380908
-148.80000072	-0.03480008
-148.76666738	-0.03518426
-148.73333405	-0.03516848
-148.70000072	-0.03437589
-148.66666738	-0.03336702
-148.63333405	-0.03239091
-148.60000072	-0.03052123
-148.56666738	-0.02901393
-148.53333405	-0.02757447
-148.50000072	-0.02595874
-148.46666739	-0.02463090
-148.43333405	-0.02362417
-148.40000072	-0.02270408
-148.36666739	-0.02182139
-148.33333405	-0.02130588
-148.30000072	-0.02118587
-148.26666739	-0.02129363
-148.23333405	-0.02176278
-148.20000072	-0.02235428
-148.16666739	-0.02360589
-148.13333405	-0.02448025
-148.10000072	-0.02548658
-148.06666739	-0.02658795
-148.03333406	-0.02759252
-148.00000072	-0.02839984
-147.96666739	-0.02899314
-147.93333406	-0.02936437
-147.90000072	-0.02925274
-147.86666739	-0.02898859
-147.83333406	-0.02853161
-147.80000072	-0.02758080
-147.76666739	-0.02620736
-147.73333406	-0.02488553
-147.70000073	-0.02326672
-147.66666739	-0.02194581
-147.63333406	-0.02048118
-147.60000073	-0.01928477
-147.56666739	-0.01850953
-147.53333406	-0.01797144
-147.50000073	-0.01763140
-147.46666739	-0.01760164
-147.43333406	-0.01775576
-147.40000073	-0.01839856
-147.36666739	-0.01900020
-147.33333406	-0.02027606
-147.30000073	-0.02108491
-147.26666740	-0.02242600
-147.23333406	-0.02371315
-147.20000073	-0.02492568
-147.16666740	-0.02603930
-147.13333406	-0.02705124
-147.10000073	-0.02804500
-147.06666740	-0.02858929
-147.03333406	-0.02904403
-147.00000073	-0.02941755
-146.96666740	-0.02961238
-146.93333407	-0.02966886
-146.90000073	-0.02931505
-146.86666740	-0.02906508
-146.83333407	-0.02879636
-146.80000073	-0.02853286
-146.76666740	-0.02837844
-146.73333407	-0.02815125
-146.70000073	-0.02799483
-146.66666740	-0.02777850
-146.63333407	-0.02750937
-146.60000074	-0.02755777
-146.56666740	-0.02737380
-146.53333407	-0.02689676
-146.50000074	-0.02631979
-146.46666740	-0.02561407
-146.43333407	-0.02453239
-146.40000074	-0.02314125
-146.36666740	-0.02135190
-146.33333407	-0.01939415
-146.30000074	-0.01697916
-146.26666740	-0.01419600
-146.23333407	-0.01125995
-146.20000074	-0.00807777
-146.16666741	-0.00477003
-146.13333407	-0.00137659
-146.10000074	0.00224047
-146.06666741	0.00556575
-146.03333407	0.00871332
-146.00000074	0.01156021
-145.96666741	0.01388334
-145.93333407	0.01585966
-145.90000074	0.01708473
-145.86666741	0.01769796
-145.83333408	0.01771929
-145.80000074	0.01672965
-145.76666741	0.01572792
-145.73333408	0.01343794
-145.70000074	0.01109537
-145.66666741	0.00771142
-145.63333408	0.00451508
-145.60000074	0.00084141
-145.56666741	-0.00270354
-145.53333408	-0.00590265
-145.50000074	-0.00890406
-145.46666741	-0.01123377
-145.43333408	-0.01326328
-145.40000075	-0.01467094
-145.36666741	-0.01515335
-145.33333408	-0.01547361
-145.30000075	-0.01477429
-145.26666741	-0.01401667
-145.23333408	-0.01268266
-145.20000075	-0.01094407
-145.16666741	-0.00914053
-145.13333408	-0.00732586
-145.10000075	-0.00550884
-145.06666742	-0.00375932
-145.03333408	-0.00196333
-145.00000075	-0.00048265
-144.96666742	0.00035314
-144.93333408	0.00115381
-144.90000075	0.00171643
-144.86666742	0.00191495
-144.83333408	0.00232080
-144.80000075	0.00272865
-144.76666742	0.00270500
-144.73333409	0.00324291
-144.70000075	0.00391344
-144.66666742	0.00471488
-144.63333409	0.00573000
-144.60000075	0.00713053
-144.56666742	0.00868928
-144.53333409	0.01043995
-144.50000075	0.01235693
-144.46666742	0.01421567
-144.43333409	0.01598642
-144.40000075	0.01758038
-144.36666742	0.01889112
-144.33333409	0.01980207
-144.30000076	0.02037993
-144.26666742	0.02061614
-144.23333409	0.02053996
-144.20000076	0.02003890
-144.16666742	0.01932512
-144.13333409	0.01831812
-144.10000076	0.01710454
-144.06666742	0.01563041
-144.03333409	0.01375063
-144.00000076	0.01181801
-143.96666743	0.00980541
-143.93333409	0.00757286
-143.90000076	0.00544470
-143.86666743	0.00338097
-143.83333409	0.00145492
-143.80000076	-0.00056301
-143.76666743	-0.00248262
-143.73333409	-0.00404276
-143.70000076	-0.00528927
-143.66666743	-0.00645456
-143.63333410	-0.00717760
-143.60000076	-0.00760017
-143.56666743	-0.00758117
-143.53333410	-0.00738789
-143.50000076	-0.00683957
-143.46666743	-0.00610851
-143.43333410	-0.00514206
-143.40000076	-0.00425103
-143.36666743	-0.00365160
-143.33333410	-0.00317118
-143.30000076	-0.00308337
-143.26666743	-0.00331747
-143.23333410	-0.00386832
-143.20000077	-0.00475857
-143.16666743	-0.00595667
-143.13333410	-0.00751680
-143.10000077	-0.00934056
-143.06666743	-0.01109242
-143.03333410	-0.01305774
-143.00000077	-0.01506311
-142.96666743	-0.01683020
-142.93333410	-0.01841439
-142.90000077	-0.01949015
-142.86666744	-0.02042722
-142.83333410	-0.02077188
-142.80000077	-0.02070430
-142.76666744	-0.02029789
-142.73333410	-0.01935666
-142.70000077	-0.01840084
-142.66666744	-0.01671806
-142.63333410	-0.01494706
-142.60000077	-0.01314846
-142.56666744	-0.01094479
-142.53333410	-0.00910644
-142.50000077	-0.00718181
-142.46666744	-0.00531524
-142.43333411	-0.00358209
-142.40000077	-0.00203304
-142.36666744	-0.00092462
-142.33333411	-0.00010898
-142.30000077	0.00029901
-142.26666744	0.00061732
-142.23333411	0.00060093
-142.20000077	0.00032679
-142.16666744	0.00033477
-142.13333411	0.00020804
-142.10000078	-0.00001605
-142.06666744	-0.00021557
-142.03333411	-0.00016463
-142.00000078	-0.00046434
-141.96666744	-0.00064119
-141.93333411	-0.00064500
-141.90000078	-0.00080354
-141.86666744	-0.00100033
-141.83333411	-0.00131542
-141.80000078	-0.00180816
-141.76666745	-0.00243338
-141.73333411	-0.00283946
-141.70000078	-0.00329810
-141.66666745	-0.00381151
-141.63333411	-0.00425099
-141.60000078	-0.00428544
-141.56666745	-0.00425142
-141.53333411	-0.00420404
-141.50000078	-0.00411046
-141.46666745	-0.00388435
-141.43333411	-0.00392371
-141.40000078	-0.00370671
-141.36666745	-0.00370397
-141.33333412	-0.00357614
-141.30000078	-0.00347570
-141.26666745	-0.00326430
-141.23333412	-0.00289137
-141.20000078	-0.00232906
-141.16666745	-0.00151198
-141.13333412	-0.00040962
-141.10000078	0.00054364
-141.06666745	0.00186920
-141.03333412	0.00354830
-141.00000079	0.00525105
-140.96666745	0.00700851
-140.93333412	0.00896796
-140.90000079	0.01088826
-140.86666745	0.01272264
-140.83333412	0.01447809
-140.80000079	0.01604059
-140.76666745	0.01733526
-140.73333412	0.01827184
-140.70000079	0.01903026
-140.66666745	0.01940287
-140.63333412	0.01983484
-140.60000079	0.02011655
-140.56666746	0.02026291
-140.53333412	0.02007075
-140.50000079	0.02030602
-140.46666746	0.02015915
-140.43333412	0.02012860
-140.40000079	0.02025697
-140.36666746	0.02000684
-140.33333412	0.01966705
-140.30000079	0.01926377
-140.26666746	0.01865094
-140.23333413	0.01793249
-140.20000079	0.01705219
-140.16666746	0.01590519
-140.13333413	0.01436933
-140.10000079	0.01284954
-140.06666746	0.01122229
-140.03333413	0.00953708
-140.00000079	0.00758245
-139.96666746	0.00568309
-139.93333413	0.00368786
-139.90000080	0.00175996
-139.86666746	0.00013670
-139.83333413	-0.00137628
-139.80000080	-0.00250773
-139.76666746	-0.00345127
-139.73333413	-0.00386222
-139.70000080	-0.00427810
-139.66666746	-0.00417896
-139.63333413	-0.00398580
-139.60000080	-0.00333969
-139.56666746	-0.00249407
-139.53333413	-0.00165246
-139.50000080	-0.00041127
-139.46666747	0.00089682
-139.43333413	0.00243644
-139.40000080	0.00422321
-139.36666747	0.00586837
-139.33333413	0.00756662
-139.30000080	0.00938315
-139.26666747	0.01095580
-139.23333413	0.01279172
-139.20000080	0.01416765
-139.16666747	0.01549077
-139.13333414	0.01647239
-139.10000080	0.01732263
-139.06666747	0.01772158
-139.03333414	0.01803836
-139.00000080	0.01780589
-138.96666747	0.01741895
-138.93333414	0.01663739
-138.90000080	0.01581985
-138.86666747	0.01488393
-138.83333414	0.01367010
-138.80000080	0.01232413
-138.76666747	0.01129633
-138.73333414	0.01004269
-138.70000081	0.00890170
-138.66666747	0.00802974
-138.63333414	0.00725336
-138.60000081	0.00646128
-138.56666747	0.00604467
-138.53333414	0.00564667
-138.50000081	0.00554380
-138.46666747	0.00527145
-138.43333414	0.00539016
-138.40000081	0.00536518
-138.36666748	0.00553013
-138.33333414	0.00578322
-138.30000081	0.00599412
-138.26666748	0.00626866
-138.23333414	0.00648840
-138.20000081	0.00681500
-138.16666748	0.00705191
-138.13333414	0.00751047
-138.10000081	0.00753902
-138.06666748	0.00792845
-138.03333415	0.00804920
-138.00000081	0.00801663
-137.96666748	0.00799524
-137.93333415	0.00819525
-137.90000081	0.00840960
-137.86666748	0.00850744
-137.83333415	0.00854586
-137.80000081	0.00903499
-137.76666748	0.00943890
-137.73333415	0.01007447
-137.70000081	0.01068836
-137.66666748	0.01162680
-137.63333415	0.01251566
-137.60000082	0.01368038
-137.56666748	0.01478789
-137.53333415	0.01587262
-137.50000082	0.01709662
-137.46666748	0.01818307
-137.43333415	0.01881002
-137.40000082	0.01950317
-137.36666748	0.01978695
-137.33333415	0.02015369
-137.30000082	0.02004895
-137.26666749	0.02008834
-137.23333415	0.01996291
-137.20000082	0.01965863
-137.16666749	0.01968404
-137.13333415	0.02006457
-137.10000082	0.02021999
-137.06666749	0.02042013
-137.03333415	0.02105736
-137.00000082	0.02171135
-136.96666749	0.02232104
-136.93333415	0.02328224
-136.90000082	0.02430735
-136.86666749	0.02507431
-136.83333416	0.02581776
-136.80000082	0.02655189
-136.76666749	0.02707560
-136.73333416	0.02752163
-136.70000082	0.02769281
-136.66666749	0.02761919
-136.63333416	0.02734141
-136.60000082	0.02656999
-136.56666749	0.02585322
-136.53333416	0.02494042
-136.50000083	0.02394602
-136.46666749	0.02262872
-136.43333416	0.02133747
-136.40000083	0.01970811
-136.36666749	0.01850567
-136.33333416	0.01701135
-136.30000083	0.01544433
-136.26666749	0.01389245
-136.23333416	0.01245063
-136.20000083	0.01093812
-136.16666750	0.00958019
-136.13333416	0.00840911
-136.10000083	0.00713412
-136.06666750	0.00595121
-136.03333416	0.00511478
-136.00000083	0.00430510
-135.96666750	0.00369299
-135.93333416	0.00342484
-135.90000083	0.00317698
-135.86666750	0.00320371
-135.83333416	0.00328573
-135.80000083	0.00346933
-135.76666750	0.00350247
-135.73333417	0.00347207
-135.70000083	0.00345961
-135.66666750	0.00342901
-135.63333417	0.00336819
-135.60000083	0.00301690
-135.56666750	0.00289969
-135.53333417	0.00286015
-135.50000083	0.00280518
-135.46666750	0.00287470
-135.43333417	0.00309143
-135.40000084	0.00350440
-135.36666750	0.00391259
-135.33333417	0.00443824
-135.30000084	0.00520972
-135.26666750	0.00605567
-135.23333417	0.00662990
-135.20000084	0.00715745
-135.16666750	0.00763023
-135.13333417	0.00747952
-135.10000084	0.00749776
-135.06666750	0.00701932
-135.03333417	0.00612061
-135.00000084	0.00506793
-134.96666751	0.00346194
-134.93333417	0.00191388
-134.90000084	0.00010042
-134.86666751	-0.00172835
-134.83333417	-0.00370224
-134.80000084	-0.00564858
-134.76666751	-0.00768546
-134.73333417	-0.00968114
-134.70000084	-0.01159736
-134.66666751	-0.01367624
-134.63333418	-0.01556281
-134.60000084	-0.01759346
-134.56666751	-0.01963117
-134.53333418	-0.02176709
-134.50000084	-0.02338411
-134.46666751	-0.02537311
-134.43333418	-0.02707489
-134.40000084	-0.02860475
-134.36666751	-0.02971047
-134.33333418	-0.03042861
-134.30000085	-0.03062797
-134.26666751	-0.03049294
-134.23333418	-0.02965725
-134.20000085	-0.02855450
-134.16666751	-0.02688914
-134.13333418	-0.02486194
-134.10000085	-0.02232580
-134.06666751	-0.02015257
-134.03333418	-0.01747124
-134.00000085	-0.01503579
-133.96666751	-0.01304623
-133.93333418	-0.01107359
-133.90000085	-0.00941531
-133.86666752	-0.00821562
-133.83333418	-0.00746111
-133.80000085	-0.00692231
-133.76666752	-0.00670591
-133.73333418	-0.00694466
-133.70000085	-0.00713167
-133.66666752	-0.00760376
-133.63333418	-0.00795449
-133.60000085	-0.00851041
-133.56666752	-0.00879141
-133.53333419	-0.00892511
-133.50000085	-0.00883664
-133.46666752	-0.00860424
-133.43333419	-0.00838193
-133.40000085	-0.00782316
-133.36666752	-0.00727262
-133.33333419	-0.00681934
-133.30000085	-0.00640011
-133.26666752	-0.00600966
-133.23333419	-0.00587581
-133.20000085	-0.00586104
-133.16666752	-0.00604949
-133.13333419	-0.00673379
-133.10000086	-0.00742263
-133.06666752	-0.00866243
-133.03333419	-0.00995533
-133.00000086	-0.01126286
-132.96666752	-0.01268839
-132.93333419	-0.01425821
-132.90000086	-0.01556247
-132.86666752	-0.01693597
-132.83333419	-0.01830200
-132.80000086	-0.01948200
-132.76666753	-0.02040786
-132.73333419	-0.02124379
-132.70000086	-0.02182808
-132.66666753	-0.02234852
-132.63333419	-0.02280885
-132.60000086	-0.02321651
-132.56666753	-0.02348501
-132.53333419	-0.02357354
-132.50000086	-0.02376876
-132.46666753	-0.02382132
-132.43333420	-0.02378664
-132.40000086	-0.02359621
-132.36666753	-0.02338168
-132.33333420	-0.02297044
-132.30000086	-0.02256921
-132.26666753	-0.02221513
-132.23333420	-0.02183221
-132.20000086	-0.02131204
-132.16666753	-0.02088573
-132.13333420	-0.02047174
-132.10000086	-0.02003449
-132.06666753	-0.01969646
-132.03333420	-0.01938561
-132.00000087	-0.01914489
-131.96666753	-0.01891243
-131.93333420	-0.01858410
-131.90000087	-0.01821513
-131.86666753	-0.01782293
-131.83333420	-0.01731792
-131.80000087	-0.01662835
-131.76666753	-0.01586336
-131.73333420	-0.01498275
-131.70000087	-0.01410188
-131.66666754	-0.01309305
-131.63333420	-0.01203232
-131.60000087	-0.01092366
-131.56666754	-0.00973457
-131.53333420	-0.00861677
-131.50000087	-0.00769555
-131.46666754	-0.00683909
-131.43333420	-0.00617693
-131.40000087	-0.00561489
-131.36666754	-0.00511314
-131.33333420	-0.00482258
-131.30000087	-0.00449879
-131.26666754	-0.00435902
-131.23333421	-0.00428641
-131.20000087	-0.00421216
-131.16666754	-0.00419860
-131.13333421	-0.00420335
-131.10000087	-0.00421163
-131.06666754	-0.00417419
-131.03333421	-0.00416214
-131.00000087	-0.00414404
-130.96666754	-0.00411668
-130.93333421	-0.00408806
-130.90000088	-0.00406967
-130.86666754	-0.00406353
-130.83333421	-0.00397255
-130.80000088	-0.00386928
-130.76666754	-0.00377642
-130.73333421	-0.00355380
-130.70000088	-0.00337236
-130.66666754	-0.00313021
-130.63333421	-0.00287950
-130.60000088	-0.00261605
-130.56666755	-0.00232867
-130.53333421	-0.00207105
-130.50000088	-0.00179933
-130.46666755	-0.00155357
-130.43333421	-0.00135560
-130.40000088	-0.00114869
-130.36666755	-0.00098093
-130.33333421	-0.00080759
-130.30000088	-0.00068823
-130.26666755	-0.00056113
-130.23333421	-0.00045154
-130.20000088	-0.00033643
-130.16666755	-0.00024055
-130.13333422	-0.00014148
-130.10000088	-0.00006401
-130.06666755	0.00001554
-130.03333422	0.00009421
-130.00000088	0.00015417
-129.96666755	0.00020949
-129.93333422	0.00024709
-129.90000088	0.00027067
-129.86666755	0.00028448
-129.83333422	0.00027850
-129.80000089	0.00026004
-129.76666755	0.00023576
-129.73333422	0.00020147
-129.70000089	0.00016428
-129.66666755	0.00012792
-129.63333422	0.00009366
-129.60000089	0.00006280
-129.56666755	0.00003710
-129.53333422	0.00001830
-129.50000089	0.00000615
-129.46666755	-0.00000081
-129.43333422	-0.00000310
-129.40000089	-0.00000256
-129.36666756	-0.00000091
-129.33333422	0.00000000
