# Menlo Systems GmbH ScanControl
# Program Version 1.3.3
# Start: -229.30000000 ps, Average over 300 waveforms. Timestamp: 2023-05-26T11:40:20
# Window type: Tukey, parameters: alpha = 0.1
# User time axis shift: 0 ps
# Frequency [THz]	THz Signal [a.u.]
0.00000000	-67.50925281
0.00732601	-35.84909348
0.01465201	-27.89564279
0.02197802	-24.32672411
0.02930403	-27.35158470
0.03663004	-26.88733097
0.04395604	-18.55259066
0.05128205	-18.13578282
0.05860806	-31.92401371
0.06593407	-29.60740721
0.07326007	-16.01131103
0.08058608	-16.02174758
0.08791209	-21.44546457
0.09523810	-12.44043126
0.10256410	-12.70087252
0.10989011	-18.79696109
0.11721612	-10.02727491
0.12454213	-10.59566374
0.13186813	-10.24071805
0.13919414	-12.06616579
0.14652015	-8.27197153
0.15384616	-8.16584920
0.16117216	-8.89676932
0.16849817	-7.11283712
0.17582418	-6.24189366
0.18315018	-7.05250349
0.19047619	-7.33697637
0.19780220	-4.94384276
0.20512821	-4.19009928
0.21245421	-6.24259395
0.21978022	-5.61753778
0.22710623	-3.40981540
0.23443224	-3.40782482
0.24175824	-5.84749378
0.24908425	-2.86252021
0.25641026	-1.80034376
0.26373627	-3.24616989
0.27106227	-3.74427411
0.27838828	-1.69148276
0.28571429	-2.84733697
0.29304030	-2.93908392
0.30036630	-1.79974722
0.30769231	-1.48815803
0.31501832	-2.23378370
0.32234433	-2.18261482
0.32967033	-1.61710953
0.33699634	-1.77034718
0.34432235	-2.03165310
0.35164835	-1.05130461
0.35897436	-0.57859115
0.36630037	-1.32739957
0.37362638	-1.18547591
0.38095238	-1.08762662
0.38827839	-0.94771030
0.39560440	-0.94975201
0.40293041	-0.50566108
0.41025641	-0.51413644
0.41758242	-0.67669881
0.42490843	-0.88457711
0.43223444	-1.23431149
0.43956044	-1.44177153
0.44688645	-1.15477217
0.45421246	-0.80589223
0.46153847	-1.07380835
0.46886447	-0.89149515
0.47619048	-1.28095966
0.48351649	-1.38253749
0.49084250	-1.50941735
0.49816850	-1.28816907
0.50549451	-1.24279117
0.51282052	-1.19621776
0.52014652	-0.96607294
0.52747253	-1.89282972
0.53479854	-1.87406049
0.54212455	-1.84130215
0.54945055	-2.84098547
0.55677656	-5.93653245
0.56410257	-3.52045585
0.57142858	-2.87102946
0.57875458	-2.51603701
0.58608059	-3.56450603
0.59340660	-3.32260757
0.60073261	-2.90385600
0.60805861	-3.71570066
0.61538462	-3.15787482
0.62271063	-3.14336721
0.63003664	-3.92185123
0.63736264	-3.50280124
0.64468865	-3.87686249
0.65201466	-3.84998554
0.65934067	-3.43094753
0.66666667	-4.00231143
0.67399268	-3.74323286
0.68131869	-4.14234606
0.68864469	-4.92262162
0.69597070	-4.54371101
0.70329671	-5.05633997
0.71062272	-5.55410019
0.71794872	-4.84783092
0.72527473	-6.28143109
0.73260074	-5.91422933
0.73992675	-6.64162786
0.74725275	-7.98284827
0.75457876	-9.07338842
0.76190477	-7.40765072
0.76923078	-6.93717791
0.77655678	-6.88117449
0.78388279	-7.65392208
0.79120880	-7.37198832
0.79853481	-7.91764238
0.80586081	-7.96299403
0.81318682	-8.01254034
0.82051283	-8.54579445
0.82783884	-8.43388291
0.83516484	-9.44792690
0.84249085	-9.28858035
0.84981686	-9.92821965
0.85714286	-10.06751421
0.86446887	-9.92135562
0.87179488	-10.58710317
0.87912089	-10.08614428
0.88644689	-10.93448990
0.89377290	-10.71001694
0.90109891	-10.74725526
0.90842492	-11.17364311
0.91575092	-10.83495731
0.92307693	-11.17318622
0.93040294	-11.38054642
0.93772895	-11.27897041
0.94505495	-12.04667400
0.95238096	-11.97701400
0.95970697	-12.38343699
0.96703298	-12.68887791
0.97435898	-12.93557665
0.98168499	-13.34320657
0.98901100	-15.65159026
0.99633701	-13.88460177
1.00366301	-14.06122981
1.01098902	-13.94658486
1.01831503	-13.57641773
1.02564103	-14.26989859
1.03296704	-13.70352980
1.04029305	-14.19480334
1.04761906	-14.56175368
1.05494506	-14.17638568
1.06227107	-15.01709711
1.06959708	-14.79740886
1.07692309	-15.06370454
1.08424909	-16.47548861
1.09157510	-17.82557036
1.09890111	-39.65690095
1.10622712	-19.32891209
1.11355312	-20.82910553
1.12087913	-18.86938543
1.12820514	-16.52425631
1.13553115	-18.03734083
1.14285715	-17.18338048
1.15018316	-18.91965138
1.15750917	-22.70514521
1.16483518	-35.99222694
1.17216118	-20.30374689
1.17948719	-17.99391918
1.18681320	-17.85305083
1.19413920	-18.50378187
1.20146521	-18.52999521
1.20879122	-24.07736650
1.21611723	-19.57586526
1.22344323	-20.16854022
1.23076924	-23.24357783
1.23809525	-19.98610592
1.24542126	-20.03856671
1.25274726	-19.57479329
1.26007327	-19.92173288
1.26739928	-19.58509973
1.27472529	-19.98405705
1.28205129	-19.85622242
1.28937730	-20.12786953
1.29670331	-20.29616505
1.30402932	-20.02767393
1.31135532	-20.63063090
1.31868133	-20.59314334
1.32600734	-21.39846308
1.33333335	-21.32827327
1.34065935	-21.52951876
1.34798536	-21.91912457
1.35531137	-21.88183223
1.36263737	-22.43667937
1.36996338	-22.46962288
1.37728939	-22.63550929
1.38461540	-23.11480273
1.39194140	-22.88323941
1.39926741	-23.65592973
1.40659342	-26.37889648
1.41391943	-35.85923405
1.42124543	-24.94199817
1.42857144	-23.51639828
1.43589745	-24.37012119
1.44322346	-23.50802472
1.45054946	-24.68728405
1.45787547	-24.33456749
1.46520148	-24.71264523
1.47252749	-25.37199211
1.47985349	-24.84709915
1.48717950	-25.79298771
1.49450551	-25.65580018
1.50183152	-25.78951093
1.50915752	-26.33596456
1.51648353	-25.67254213
1.52380954	-26.83865125
1.53113554	-26.13023157
1.53846155	-27.03800761
1.54578756	-26.98185321
1.55311357	-26.67296574
1.56043957	-27.49828878
1.56776558	-27.20776541
1.57509159	-27.84898808
1.58241760	-28.23401208
1.58974360	-28.52055512
1.59706961	-29.60203980
1.60439562	-35.05071257
1.61172163	-30.21958418
1.61904763	-30.04740618
1.62637364	-29.91502540
1.63369965	-30.67327142
1.64102566	-30.79175742
1.64835166	-31.78798976
1.65567767	-35.19418084
1.66300368	-52.09743902
1.67032969	-54.16729291
1.67765569	-42.83058455
1.68498170	-34.57559410
1.69230771	-33.26062874
1.69963371	-33.64113574
1.70695972	-34.77661242
1.71428573	-45.74997946
1.72161174	-51.13877935
1.72893774	-36.75161992
1.73626375	-34.08470009
1.74358976	-33.94872846
1.75091577	-33.83044684
1.75824177	-34.38834903
1.76556778	-36.76702542
1.77289379	-34.59552383
1.78021980	-35.18721564
1.78754580	-35.39357925
1.79487181	-39.46703196
1.80219782	-39.66855853
1.80952383	-35.79781277
1.81684983	-35.81384880
1.82417584	-35.74591676
1.83150185	-36.00657460
1.83882786	-36.22739908
1.84615386	-36.38827138
1.85347987	-36.97314820
1.86080588	-37.93132671
1.86813188	-47.50470523
1.87545789	-41.70083747
1.88278390	-38.20842648
1.89010991	-38.35166650
1.89743591	-38.23982332
1.90476192	-38.48295881
1.91208793	-39.09482295
1.91941394	-46.11269230
1.92673994	-42.40148790
1.93406595	-39.31255122
1.94139196	-39.28510331
1.94871797	-39.48137574
1.95604397	-39.31685289
1.96336998	-39.60177530
1.97069599	-39.55009659
1.97802200	-40.00399534
1.98534800	-40.43948538
1.99267401	-40.78109559
2.00000002	-40.91246192
2.00732603	-40.86099921
2.01465203	-41.34746576
2.02197804	-41.81161685
2.02930405	-41.76126923
2.03663005	-43.24018573
2.04395606	-48.53088791
2.05128207	-42.73948487
2.05860808	-42.78868552
2.06593408	-42.47886718
2.07326009	-45.18586972
2.08058610	-45.56436314
2.08791211	-43.05679913
2.09523811	-43.28133597
2.10256412	-43.18920823
2.10989013	-43.37915129
2.11721614	-43.50336098
2.12454214	-43.86444301
2.13186815	-44.08027205
2.13919416	-44.90845037
2.14652017	-45.45254553
2.15384617	-46.35831459
2.16117218	-51.43014977
2.16849819	-64.37377325
2.17582420	-49.69820105
2.18315020	-47.28701995
2.19047621	-48.80585655
2.19780222	-61.08899038
2.20512822	-52.29073031
2.21245423	-48.28135816
2.21978024	-52.35578688
2.22710625	-60.77961446
2.23443225	-49.44314317
2.24175826	-48.72678179
2.24908427	-48.63459784
2.25641028	-49.94502947
2.26373628	-58.74444268
2.27106229	-60.32442980
2.27838830	-51.14505469
2.28571431	-49.60611933
2.29304031	-49.58613846
2.30036632	-49.72519732
2.30769233	-50.16776763
2.31501834	-50.51024867
2.32234434	-50.56580077
2.32967035	-50.60824812
2.33699636	-51.07818279
2.34432237	-56.11824138
2.35164837	-55.29214866
2.35897438	-51.97866799
2.36630039	-56.58778184
2.37362639	-56.63916919
2.38095240	-53.52252563
2.38827841	-58.44064178
2.39560442	-75.95949530
2.40293042	-57.78528726
2.41025643	-54.20677676
2.41758244	-54.00481740
2.42490845	-54.28863053
2.43223445	-55.16772605
2.43956046	-54.23813696
2.44688647	-55.20893528
2.45421248	-55.78721107
2.46153848	-61.48781232
2.46886449	-70.47925536
2.47619050	-58.17484408
2.48351651	-55.54232535
2.49084251	-55.74187307
2.49816852	-55.77450747
2.50549453	-55.47128302
2.51282054	-54.98652769
2.52014654	-55.28938581
2.52747255	-55.77629011
2.53479856	-56.26658005
2.54212456	-56.02221632
2.54945057	-55.99716876
2.55677658	-55.77962289
2.56410259	-56.37471051
2.57142859	-57.25421363
2.57875460	-56.64021703
2.58608061	-57.42600423
2.59340662	-57.06543364
2.60073262	-58.17437410
2.60805863	-57.79758843
2.61538464	-58.41704233
2.62271065	-59.85236235
2.63003665	-65.96703105
2.63736266	-90.53463430
2.64468867	-79.29512510
2.65201468	-72.88270969
2.65934068	-64.03540971
2.66666669	-64.65800515
2.67399270	-62.27066751
2.68131871	-61.69242191
2.68864471	-69.46740305
2.69597072	-62.09451343
2.70329673	-60.12330853
2.71062273	-59.58626102
2.71794874	-60.65147862
2.72527475	-60.03152913
2.73260076	-60.64317738
2.73992676	-60.37302021
2.74725277	-61.00597692
2.75457878	-60.63619540
2.76190479	-63.03377571
2.76923079	-70.95787653
2.77655680	-83.55147986
2.78388281	-78.58229645
2.79120882	-65.99947923
2.79853482	-61.66843806
2.80586083	-61.64858758
2.81318684	-60.93686229
2.82051285	-61.12101801
2.82783885	-61.67850090
2.83516486	-61.47895716
2.84249087	-61.88678997
2.84981688	-61.56296958
2.85714288	-60.67768737
2.86446889	-61.41158009
2.87179490	-62.05681078
2.87912090	-67.30730646
2.88644691	-79.35792075
2.89377292	-64.97693221
2.90109893	-61.53244390
2.90842493	-61.34811987
2.91575094	-61.00317124
2.92307695	-61.69876238
2.93040296	-62.67197640
2.93772896	-62.19801722
2.94505497	-62.40229337
2.95238098	-62.71805514
2.95970699	-65.13072611
2.96703299	-76.15894944
2.97435900	-93.10538738
2.98168501	-73.06418036
2.98901102	-67.31590011
2.99633702	-65.23824712
3.00366303	-67.96732254
3.01098904	-83.63883959
3.01831505	-78.36457815
3.02564105	-80.16610344
3.03296706	-65.59480099
3.04029307	-65.26163671
3.04761907	-79.53779965
3.05494508	-65.82898973
3.06227109	-64.37773407
3.06959710	-63.25044598
3.07692310	-63.19711406
3.08424911	-63.13160388
3.09157512	-61.73998282
3.09890113	-62.58877243
3.10622713	-63.38842709
3.11355314	-63.34369958
3.12087915	-63.01015121
3.12820516	-67.36291386
3.13553116	-96.55351750
3.14285717	-78.29791372
3.15018318	-65.18784764
3.15750919	-65.02035420
3.16483519	-74.55004319
3.17216120	-76.51198760
3.17948721	-68.72789912
3.18681322	-67.44150879
3.19413922	-65.03574130
3.20146523	-63.35095259
3.20879124	-64.67093123
3.21611724	-68.23601349
3.22344325	-64.20659697
3.23076926	-67.86974233
3.23809527	-69.64470315
3.24542127	-62.56433140
3.25274728	-62.48454898
3.26007329	-62.35066078
3.26739930	-62.85658494
3.27472530	-62.88695504
3.28205131	-62.85175268
3.28937732	-63.39887158
3.29670333	-63.68606815
3.30402933	-63.88655169
3.31135534	-64.06704214
3.31868135	-64.56966912
3.32600736	-69.97844027
3.33333336	-80.37991950
3.34065937	-75.29962686
3.34798538	-66.10273233
3.35531139	-64.62403749
3.36263739	-63.35272225
3.36996340	-63.75775194
3.37728941	-63.55965606
3.38461541	-63.93810664
3.39194142	-62.86395926
3.39926743	-61.95690076
3.40659344	-63.56556115
3.41391944	-63.54574580
3.42124545	-65.06477754
3.42857146	-65.14690417
3.43589747	-64.45388662
3.44322347	-65.82422122
3.45054948	-65.45837439
3.45787549	-66.00283664
3.46520150	-65.31125494
3.47252750	-64.93965700
3.47985351	-65.01845831
3.48717952	-64.79367966
3.49450553	-66.06101909
3.50183153	-66.38367295
3.50915754	-64.55056489
3.51648355	-66.61194768
3.52380956	-65.66633139
3.53113556	-67.12253225
3.53846157	-75.36421086
3.54578758	-71.47228537
3.55311358	-67.32449202
3.56043959	-67.19086060
3.56776560	-66.43353368
3.57509161	-66.18651839
3.58241761	-68.06575165
3.58974362	-67.08715511
3.59706963	-72.22194695
3.60439564	-82.82300411
3.61172164	-75.12176268
3.61904765	-70.88428353
3.62637366	-67.48773499
3.63369967	-69.30092714
3.64102567	-72.70773526
3.64835168	-77.62197993
3.65567769	-89.82094777
3.66300370	-94.35810726
3.67032970	-77.79855418
3.67765571	-71.20529403
3.68498172	-71.90993622
3.69230773	-76.40620852
3.69963373	-72.27620708
3.70695974	-67.59750825
3.71428575	-69.38248774
3.72161175	-67.63624251
3.72893776	-69.72342828
3.73626377	-68.34810296
3.74358978	-70.09088512
3.75091578	-68.93961667
3.75824179	-68.70019502
3.76556780	-69.17609933
3.77289381	-69.91942585
3.78021981	-71.56846849
3.78754582	-74.07834460
3.79487183	-74.30016370
3.80219784	-87.66574878
3.80952384	-82.53344190
3.81684985	-83.35840575
3.82417586	-83.23923374
3.83150187	-75.85124474
3.83882787	-72.87941445
3.84615388	-70.15581552
3.85347989	-71.37000411
3.86080590	-73.33369103
3.86813190	-73.41061301
3.87545791	-71.31679986
3.88278392	-72.10292648
3.89010992	-73.95131753
3.89743593	-72.10249820
3.90476194	-75.08754069
3.91208795	-71.68860832
3.91941395	-73.54445834
3.92673996	-75.94422360
3.93406597	-71.46579541
3.94139198	-72.81493826
3.94871798	-77.57742054
3.95604399	-93.36731285
3.96337000	-80.98914378
3.97069601	-86.30506623
3.97802201	-92.35834513
3.98534802	-94.93047950
3.99267403	-93.08296827
4.00000004	-86.04248156
4.00732604	-83.21955080
4.01465205	-77.42085894
4.02197806	-78.51886580
4.02930407	-76.22113351
4.03663007	-73.46772923
4.04395608	-79.27379751
4.05128209	-79.05300435
4.05860809	-80.73364366
4.06593410	-79.89035843
4.07326011	-78.34710220
4.08058612	-82.44447698
4.08791212	-81.81377544
4.09523813	-77.48628695
4.10256414	-77.13670434
4.10989015	-79.70119423
4.11721615	-78.06235142
4.12454216	-78.23101869
4.13186817	-78.09835438
4.13919418	-81.41144967
4.14652018	-80.94521435
4.15384619	-75.77219976
4.16117220	-83.47815453
4.16849821	-81.70717649
4.17582421	-87.70533305
4.18315022	-84.46961133
4.19047623	-85.16524404
4.19780224	-87.96576005
4.20512824	-79.12890923
4.21245425	-77.05069928
4.21978026	-84.37668236
4.22710626	-81.92510281
4.23443227	-79.88866777
4.24175828	-88.92184409
4.24908429	-87.59629574
4.25641029	-83.89635194
4.26373630	-83.63850125
4.27106231	-93.46077356
4.27838832	-78.54185861
4.28571432	-81.10480129
4.29304033	-79.47442413
4.30036634	-79.32943641
4.30769235	-80.74064837
4.31501835	-78.82217251
4.32234436	-85.18218816
4.32967037	-83.72506878
4.33699638	-80.17149900
4.34432238	-80.27726449
4.35164839	-79.99996174
4.35897440	-81.21852467
4.36630041	-80.79727924
4.37362641	-83.62789340
4.38095242	-76.93121816
4.38827843	-85.02942170
4.39560443	-86.78142619
4.40293044	-84.59304917
4.41025645	-91.49246510
4.41758246	-85.14648101
4.42490846	-84.05492472
4.43223447	-89.91275855
4.43956048	-92.07797231
4.44688649	-88.37410672
4.45421249	-82.54241959
4.46153850	-92.01407880
4.46886451	-84.79917537
4.47619052	-86.31941663
4.48351652	-83.67918261
4.49084253	-86.70619742
4.49816854	-96.11505346
4.50549455	-82.63433448
4.51282055	-85.69415359
4.52014656	-85.16729674
4.52747257	-91.43874592
4.53479858	-87.85156416
4.54212458	-91.93267459
4.54945059	-88.75170488
4.55677660	-84.80363647
4.56410260	-90.13812415
4.57142861	-79.53068446
4.57875462	-84.20859581
4.58608063	-81.09875837
4.59340663	-77.47057657
4.60073264	-83.48722896
4.60805865	-85.23100969
4.61538466	-103.93379191
4.62271066	-87.55262114
4.63003667	-89.37819199
4.63736268	-92.92541504
4.64468869	-85.87756731
4.65201469	-82.05957094
4.65934070	-88.09554909
4.66666671	-87.62485935
4.67399272	-81.47424336
4.68131872	-87.17464798
4.68864473	-86.09840314
4.69597074	-82.88927506
4.70329675	-91.66685715
4.71062275	-89.21748524
4.71794876	-96.80856835
4.72527477	-79.07698816
4.73260077	-80.30369954
4.73992678	-94.05841243
4.74725279	-86.07445407
4.75457880	-88.52196103
4.76190480	-88.11242476
4.76923081	-93.10348151
4.77655682	-81.95785325
4.78388283	-84.43127620
4.79120883	-78.87591529
4.79853484	-91.70514059
4.80586085	-82.71868729
4.81318686	-88.53899537
4.82051286	-107.67024050
4.82783887	-86.24977030
4.83516488	-85.54220390
4.84249089	-81.86849319
4.84981689	-81.81786851
4.85714290	-89.82012579
4.86446891	-99.71167306
4.87179492	-81.82272157
4.87912092	-87.97078386
4.88644693	-99.30104517
4.89377294	-81.51003562
4.90109894	-85.54723911
4.90842495	-80.68916014
4.91575096	-78.43372757
4.92307697	-80.10175785
4.93040297	-85.29185179
4.93772898	-81.52475611
4.94505499	-81.55968023
4.95238100	-95.75557806
4.95970700	-97.03731238
4.96703301	-85.73060397
4.97435902	-91.95602233
4.98168503	-97.76362652
4.98901103	-96.70514308
4.99633704	-98.31067153
5.00366305	-94.04654294
5.01098906	-82.60954710
5.01831506	-81.93600977
5.02564107	-82.87697616
5.03296708	-88.97717561
5.04029309	-90.43987611
5.04761909	-90.29010903
5.05494510	-93.81912652
5.06227111	-80.98603848
5.06959711	-81.84072594
5.07692312	-95.73909778
5.08424913	-79.83248540
5.09157514	-86.69561153
5.09890114	-82.79486411
5.10622715	-88.53802701
5.11355316	-88.47048200
5.12087917	-84.54926067
5.12820517	-87.25768610
5.13553118	-99.12042207
5.14285719	-84.16365883
5.15018320	-82.54229176
5.15750920	-90.82432053
5.16483521	-83.75671305
5.17216122	-90.92146197
5.17948723	-86.97188142
5.18681323	-81.20453967
5.19413924	-87.20630512
5.20146525	-79.69950235
5.20879126	-85.63216682
5.21611726	-99.70849124
5.22344327	-88.77970655
5.23076928	-80.00648298
5.23809528	-78.60736249
5.24542129	-87.29216616
5.25274730	-80.94836916
5.26007331	-89.36007714
5.26739931	-80.49907680
5.27472532	-84.17899685
5.28205133	-87.05817423
5.28937734	-83.33919243
5.29670334	-90.76506694
5.30402935	-103.23107584
5.31135536	-87.90180433
5.31868137	-83.52674079
5.32600737	-87.03316932
5.33333338	-90.54669319
5.34065939	-91.99526035
5.34798540	-97.46175990
5.35531140	-91.25191023
5.36263741	-85.48687580
5.36996342	-86.43336000
5.37728943	-86.87055309
5.38461543	-86.84207494
5.39194144	-94.61515676
5.39926745	-82.63456357
5.40659345	-88.78142841
5.41391946	-78.55742906
5.42124547	-82.67492445
5.42857148	-83.29582840
5.43589748	-85.90406964
5.44322349	-79.99424827
5.45054950	-98.91886126
5.45787551	-101.91996505
5.46520151	-84.89880451
5.47252752	-85.83037206
5.47985353	-117.40898892
5.48717954	-86.35456514
5.49450554	-95.05044235
5.50183155	-92.04693820
5.50915756	-86.60544516
5.51648357	-89.93292446
5.52380957	-90.84808602
5.53113558	-80.28193041
5.53846159	-84.96393568
5.54578760	-84.51588769
5.55311360	-95.76613950
5.56043961	-88.28135864
5.56776562	-94.68703054
5.57509162	-92.46375313
5.58241763	-84.49615001
5.58974364	-82.69470602
5.59706965	-84.21363722
5.60439565	-83.48069312
5.61172166	-87.58441802
5.61904767	-84.00479717
5.62637368	-78.75253230
5.63369968	-91.14136156
5.64102569	-87.03958613
5.64835170	-87.61743371
5.65567771	-87.36520977
5.66300371	-81.09899798
5.67032972	-88.06287989
5.67765573	-93.36068822
5.68498174	-87.74147480
5.69230774	-91.59331075
5.69963375	-95.88816986
5.70695976	-89.22091015
5.71428577	-87.54868960
5.72161177	-90.60674320
5.72893778	-89.37777260
5.73626379	-89.98439854
5.74358979	-84.18147281
5.75091580	-85.21823891
5.75824181	-93.19610265
5.76556782	-103.30190451
5.77289382	-90.51048223
5.78021983	-82.05274332
5.78754584	-82.16067352
5.79487185	-93.34681485
5.80219785	-91.86088160
5.80952386	-85.60489402
5.81684987	-96.90301177
5.82417588	-83.69481790
5.83150188	-83.13468928
5.83882789	-90.40654265
5.84615390	-89.00834957
5.85347991	-90.55964421
5.86080591	-87.40584526
5.86813192	-87.66181780
5.87545793	-104.45956566
5.88278394	-88.76765687
5.89010994	-81.53075390
5.89743595	-77.40275395
5.90476196	-82.39217605
5.91208796	-87.66622314
5.91941397	-96.59230380
5.92673998	-87.49556685
5.93406599	-84.08051960
5.94139199	-89.16278108
5.94871800	-91.89831287
5.95604401	-93.36841074
5.96337002	-85.86587635
5.97069602	-90.34167675
5.97802203	-82.46753975
5.98534804	-88.66800255
5.99267405	-82.50941556
6.00000005	-84.56158515
6.00732606	-89.91393508
6.01465207	-98.77917140
6.02197808	-89.38044874
6.02930408	-90.94713509
6.03663009	-87.77860647
6.04395610	-89.71080379
6.05128211	-83.56295536
6.05860811	-81.61108645
6.06593412	-78.36638475
6.07326013	-85.89384103
6.08058613	-83.97570014
6.08791214	-81.41789213
6.09523815	-86.87194557
6.10256416	-86.22190339
6.10989016	-84.95200119
6.11721617	-88.24980799
6.12454218	-94.55134779
6.13186819	-83.72642187
6.13919419	-89.99435527
6.14652020	-84.09387118
6.15384621	-86.18312264
6.16117222	-91.23157258
6.16849822	-95.13528787
6.17582423	-90.58928984
6.18315024	-93.13821238
6.19047625	-83.92767438
6.19780225	-84.85114057
6.20512826	-84.16217056
6.21245427	-85.23574436
6.21978028	-94.59245119
6.22710628	-84.03932389
6.23443229	-86.79414187
6.24175830	-101.04400608
6.24908430	-90.28061739
6.25641031	-82.82968190
6.26373632	-89.34204435
6.27106233	-90.04684857
6.27838833	-96.78989858
6.28571434	-96.01702222
6.29304035	-86.57304350
6.30036636	-87.53803647
6.30769236	-85.34260091
6.31501837	-97.09016221
6.32234438	-86.74860006
6.32967039	-83.40675048
6.33699639	-91.63227781
6.34432240	-83.15286252
6.35164841	-90.25626069
6.35897442	-92.16579784
6.36630042	-85.09615285
6.37362643	-83.92004297
6.38095244	-90.55483772
6.38827845	-87.49696182
6.39560445	-92.11106662
6.40293046	-86.65973719
6.41025647	-84.86073444
6.41758247	-85.32968214
6.42490848	-78.86329878
6.43223449	-78.22550848
6.43956050	-95.08918133
6.44688650	-84.28534471
6.45421251	-86.67541354
6.46153852	-102.46300868
6.46886453	-84.41588997
6.47619053	-89.91892377
6.48351654	-95.26497330
6.49084255	-84.91304138
6.49816856	-96.14458138
6.50549456	-89.25863799
6.51282057	-100.52230890
6.52014658	-94.73016671
6.52747259	-80.41987652
6.53479859	-81.13750307
6.54212460	-92.72508045
6.54945061	-87.89217480
6.55677662	-80.04848833
6.56410262	-81.97536495
6.57142863	-85.17223718
6.57875464	-78.99536412
6.58608064	-80.50571557
6.59340665	-95.43800116
6.60073266	-87.10433036
6.60805867	-89.21377757
6.61538467	-87.03914080
6.62271068	-79.02545661
6.63003669	-96.12566576
6.63736270	-81.49762169
6.64468870	-112.22024691
6.65201471	-93.08810497
6.65934072	-85.67873620
6.66666673	-84.99281079
6.67399273	-78.81605038
6.68131874	-82.32221632
6.68864475	-83.37301707
6.69597076	-86.89556832
6.70329676	-89.69560436
6.71062277	-88.22474818
6.71794878	-84.88513297
6.72527479	-88.18925351
6.73260079	-88.09494433
6.73992680	-84.76488195
6.74725281	-90.71097859
6.75457881	-96.71664176
6.76190482	-85.79232674
6.76923083	-86.44345691
6.77655684	-87.24241106
6.78388284	-80.68670321
6.79120885	-85.05413769
6.79853486	-91.01526078
6.80586087	-95.67267268
6.81318687	-93.95474343
6.82051288	-90.52392484
6.82783889	-86.10930688
6.83516490	-86.62544400
6.84249090	-90.51295891
6.84981691	-85.07108850
6.85714292	-84.95020643
6.86446893	-89.41889514
6.87179493	-89.99121564
6.87912094	-87.20025003
6.88644695	-84.48610214
6.89377296	-80.12262298
6.90109896	-82.19885277
6.90842497	-92.12130354
6.91575098	-85.26688460
6.92307698	-83.82106282
6.93040299	-99.04424105
6.93772900	-99.83515477
6.94505501	-86.48247025
6.95238101	-88.50615777
6.95970702	-85.12081536
6.96703303	-86.15635235
6.97435904	-83.91774085
6.98168504	-82.74057636
6.98901105	-81.70304770
6.99633706	-89.13332969
7.00366307	-89.95402428
7.01098907	-93.86633138
7.01831508	-86.98548187
7.02564109	-83.06067079
7.03296710	-85.03889625
7.04029310	-91.26641128
7.04761911	-91.64891253
7.05494512	-82.44100501
7.06227113	-90.96281191
7.06959713	-91.18260849
7.07692314	-82.86545347
7.08424915	-82.83553159
7.09157515	-83.44725647
7.09890116	-83.90798127
7.10622717	-80.03831894
7.11355318	-97.90006450
7.12087918	-90.27376648
7.12820519	-90.00487791
7.13553120	-82.20545732
7.14285721	-82.07390200
7.15018321	-95.72986379
7.15750922	-98.25024540
7.16483523	-85.58671242
7.17216124	-90.99034051
7.17948724	-93.50487998
7.18681325	-94.24842042
7.19413926	-87.23734317
7.20146527	-83.59105757
7.20879127	-88.70940403
7.21611728	-85.40160007
7.22344329	-83.32133910
7.23076930	-88.01965358
7.23809530	-84.22201973
7.24542131	-85.35262069
7.25274732	-99.33390711
7.26007332	-81.88634820
7.26739933	-85.79525969
7.27472534	-83.68294128
7.28205135	-78.81978279
7.28937735	-92.78663113
7.29670336	-84.57108482
7.30402937	-85.90088950
7.31135538	-104.28429230
7.31868138	-85.72505767
7.32600739	-88.62377561
7.33333340	-88.37557870
7.34065941	-83.55166017
7.34798541	-89.70933206
7.35531142	-89.42631022
7.36263743	-90.03990303
7.36996344	-87.19476146
7.37728944	-84.79166649
7.38461545	-88.98779139
7.39194146	-89.17588881
7.39926747	-91.97756522
7.40659347	-95.47813604
7.41391948	-85.60759504
7.42124549	-81.73050300
7.42857149	-93.79490220
7.43589750	-85.72152810
7.44322351	-92.50580556
7.45054952	-88.56571259
7.45787552	-85.42400044
7.46520153	-93.05693672
7.47252754	-82.35861556
7.47985355	-89.21588229
7.48717955	-83.78037231
7.49450556	-84.74122389
7.50183157	-88.60578557
7.50915758	-84.81450483
7.51648358	-91.17448369
7.52380959	-93.92887649
7.53113560	-89.72265828
7.53846161	-91.75775468
7.54578761	-92.37009803
7.55311362	-98.46123143
7.56043963	-88.66681275
7.56776564	-87.22711374
7.57509164	-79.69756765
7.58241765	-83.51330422
7.58974366	-90.88871651
7.59706966	-85.07684885
7.60439567	-86.30311897
7.61172168	-86.73172916
7.61904769	-91.21434385
7.62637369	-84.97714478
7.63369970	-81.38521444
7.64102571	-89.04350717
7.64835172	-85.64333756
7.65567772	-84.15494027
7.66300373	-91.00141773
7.67032974	-84.91427737
7.67765575	-82.21698196
7.68498175	-94.43269170
7.69230776	-83.77454631
7.69963377	-90.86284024
7.70695978	-88.78628273
7.71428578	-86.71682800
7.72161179	-96.68934471
7.72893780	-84.23888174
7.73626381	-85.25709474
7.74358981	-87.88682561
7.75091582	-90.18762523
7.75824183	-83.06499637
7.76556783	-89.08971986
7.77289384	-85.85577993
7.78021985	-82.48811863
7.78754586	-78.21499965
7.79487186	-77.67424900
7.80219787	-83.00765568
7.80952388	-85.58879512
7.81684989	-90.85311593
7.82417589	-85.56906554
7.83150190	-84.74069613
7.83882791	-86.33614268
7.84615392	-91.08879708
7.85347992	-81.75180196
7.86080593	-85.31000969
7.86813194	-85.50028498
7.87545795	-83.20294162
7.88278395	-89.87553035
7.89010996	-98.95803638
7.89743597	-90.04577068
7.90476198	-89.15594234
7.91208798	-90.80284847
7.91941399	-85.13794599
7.92674000	-85.58112282
7.93406600	-85.40358498
7.94139201	-85.41419361
7.94871802	-83.39066404
7.95604403	-93.27367551
7.96337003	-91.16572196
7.97069604	-82.49823085
7.97802205	-86.32951809
7.98534806	-96.37147197
7.99267406	-90.27393638
8.00000007	-89.37995363
8.00732608	-82.64221866
8.01465209	-80.66218046
8.02197809	-94.50143187
8.02930410	-90.16256423
8.03663011	-88.98963166
8.04395612	-101.03272526
8.05128212	-85.68799901
8.05860813	-85.52324286
8.06593414	-79.92529914
8.07326015	-95.79424815
8.08058615	-87.05336634
8.08791216	-86.54907308
8.09523817	-112.38816797
8.10256417	-82.93172984
8.10989018	-80.57015650
8.11721619	-80.69390909
8.12454220	-107.57164897
8.13186820	-88.00120666
8.13919421	-83.71603580
8.14652022	-82.19969116
8.15384623	-79.02795733
8.16117223	-88.63584459
8.16849824	-87.48209177
8.17582425	-86.83879621
8.18315026	-80.32836571
8.19047626	-82.82076693
8.19780227	-88.12160276
8.20512828	-95.82049785
8.21245429	-78.48662538
8.21978029	-83.92843231
8.22710630	-85.83008955
8.23443231	-89.24173202
8.24175832	-85.75071999
8.24908432	-86.50493647
8.25641033	-95.18615243
8.26373634	-88.52212492
8.27106234	-92.80179417
8.27838835	-86.08568588
8.28571436	-89.76461918
8.29304037	-86.69351769
8.30036637	-87.57471270
8.30769238	-91.76492790
8.31501839	-98.86064993
8.32234440	-86.77602325
8.32967040	-84.65468822
8.33699641	-84.84198652
8.34432242	-93.31740082
8.35164843	-82.46398028
8.35897443	-89.15856816
8.36630044	-89.70345752
8.37362645	-85.00856787
8.38095246	-84.01507953
8.38827846	-83.38656618
8.39560447	-80.68921853
8.40293048	-82.91420668
8.41025649	-80.35887662
8.41758249	-95.62620479
8.42490850	-84.44797698
8.43223451	-85.86331030
8.43956051	-82.69024511
8.44688652	-88.34594708
8.45421253	-81.00193795
8.46153854	-84.92228963
8.46886454	-90.28744474
8.47619055	-92.18859215
8.48351656	-90.40472380
8.49084257	-83.87173200
8.49816857	-80.36621959
8.50549458	-93.30005583
8.51282059	-84.83670120
8.52014660	-85.49433905
8.52747260	-81.88828265
8.53479861	-87.17356640
8.54212462	-91.62973119
8.54945063	-88.32962126
8.55677663	-84.88271192
8.56410264	-82.45133199
8.57142865	-95.19119281
8.57875466	-88.98947710
8.58608066	-85.43680900
8.59340667	-100.20762573
8.60073268	-87.04103046
8.60805868	-86.88945983
8.61538469	-87.03463550
8.62271070	-84.81847393
8.63003671	-90.75497825
8.63736271	-90.61984383
8.64468872	-90.51755965
8.65201473	-88.37010061
8.65934074	-91.19102553
8.66666674	-85.54586954
8.67399275	-88.78817249
8.68131876	-83.30077849
8.68864477	-86.84015825
8.69597077	-85.72106053
8.70329678	-84.71153765
8.71062279	-86.43703359
8.71794880	-82.24958580
8.72527480	-80.64076969
8.73260081	-81.34428023
8.73992682	-88.06368310
8.74725283	-85.62854324
8.75457883	-86.76157011
8.76190484	-82.06068234
8.76923085	-93.49838684
8.77655685	-86.42585070
8.78388286	-85.09878585
8.79120887	-85.11033146
8.79853488	-80.18997337
8.80586088	-85.11753725
8.81318689	-94.81044856
8.82051290	-93.45817958
8.82783891	-88.37556257
8.83516491	-82.23179367
8.84249092	-83.06597211
8.84981693	-89.23950385
8.85714294	-87.96329643
8.86446894	-84.63117449
8.87179495	-85.32546175
8.87912096	-87.54601154
8.88644697	-87.64306994
8.89377297	-83.64146738
8.90109898	-88.50637995
8.90842499	-88.28899832
8.91575100	-85.66376203
8.92307700	-88.21803355
8.93040301	-98.78335995
8.93772902	-85.47288108
8.94505502	-86.03163225
8.95238103	-82.27259178
8.95970704	-87.75687890
8.96703305	-96.38464073
8.97435905	-83.32689236
8.98168506	-92.83238859
8.98901107	-85.85236040
8.99633708	-86.17526718
9.00366308	-85.23401969
9.01098909	-93.27043535
9.01831510	-88.54324122
9.02564111	-88.25736981
9.03296711	-83.52657888
9.04029312	-79.06811317
9.04761913	-86.25341261
9.05494514	-81.19609315
9.06227114	-83.75539454
9.06959715	-90.50124489
9.07692316	-86.10654512
9.08424917	-89.05046203
9.09157517	-88.80773568
9.09890118	-85.86881591
9.10622719	-79.89257398
9.11355319	-90.06997294
9.12087920	-85.86578102
9.12820521	-85.11361683
9.13553122	-83.82546076
9.14285722	-81.72567812
9.15018323	-108.00629754
9.15750924	-80.63534951
9.16483525	-85.37387695
9.17216125	-90.09261844
9.17948726	-79.31752739
9.18681327	-80.17602690
9.19413928	-87.29727635
9.20146528	-88.84946102
9.20879129	-87.98507810
9.21611730	-79.66882413
9.22344331	-85.32306955
9.23076931	-83.54980161
9.23809532	-93.07567057
9.24542133	-89.12795255
9.25274734	-87.89381887
9.26007334	-88.31932087
9.26739935	-93.81935816
9.27472536	-80.50949637
9.28205137	-84.05785486
9.28937737	-93.49077882
9.29670338	-87.50955359
9.30402939	-90.44729474
9.31135539	-87.42805385
9.31868140	-99.83483505
9.32600741	-87.99376074
9.33333342	-89.26425680
9.34065942	-86.58334077
9.34798543	-87.27699278
9.35531144	-88.59332960
9.36263745	-87.98040170
9.36996345	-91.47444404
9.37728946	-90.20618485
9.38461547	-87.26059184
9.39194148	-84.63569162
9.39926748	-84.09458888
9.40659349	-88.77405178
9.41391950	-86.66090508
9.42124551	-89.77720804
9.42857151	-88.22595570
9.43589752	-85.50485385
9.44322353	-87.13224199
9.45054954	-94.90685579
9.45787554	-89.80591183
9.46520155	-91.17537800
9.47252756	-87.32499938
9.47985356	-82.98612106
9.48717957	-82.08657567
9.49450558	-94.37655271
9.50183159	-96.83271451
9.50915759	-96.17028565
9.51648360	-87.26203557
9.52380961	-92.85411811
9.53113562	-83.46624928
9.53846162	-88.84141727
9.54578763	-83.11831673
9.55311364	-103.35408740
9.56043965	-87.91985298
9.56776565	-88.32297702
9.57509166	-88.07693932
9.58241767	-104.59724560
9.58974368	-94.35507912
9.59706968	-88.69276106
9.60439569	-93.00806299
9.61172170	-88.83196837
9.61904771	-85.75120771
9.62637371	-82.28816842
9.63369972	-95.06447843
9.64102573	-89.41365653
9.64835173	-96.82333327
9.65567774	-94.99650234
9.66300375	-84.80766594
9.67032976	-84.14556155
9.67765576	-83.00173543
9.68498177	-88.54288892
9.69230778	-87.29835530
9.69963379	-88.24287592
9.70695979	-83.33981551
9.71428580	-81.35719599
9.72161181	-80.91983285
9.72893782	-98.28885156
9.73626382	-84.18711615
9.74358983	-90.53545638
9.75091584	-82.79680952
9.75824185	-89.63553846
9.76556785	-94.33581629
9.77289386	-90.99029487
9.78021987	-88.03651246
9.78754588	-88.91920712
9.79487188	-86.59766702
9.80219789	-86.42178601
9.80952390	-83.38644103
9.81684990	-86.82267534
9.82417591	-105.75322558
9.83150192	-95.35981822
9.83882793	-85.19597937
9.84615393	-96.19600958
9.85347994	-86.44587374
9.86080595	-84.34025959
9.86813196	-86.71892223
9.87545796	-83.31376253
9.88278397	-90.71528750
9.89010998	-93.86910846
9.89743599	-83.61330255
9.90476199	-89.04135785
9.91208800	-86.41237594
9.91941401	-98.25225160
9.92674002	-86.32529268
9.93406602	-105.14139365
9.94139203	-90.61772112
9.94871804	-83.55708780
9.95604405	-84.61285610
9.96337005	-88.64031177
9.97069606	-83.08974037
9.97802207	-89.28737624
9.98534807	-87.51052127
9.99267408	-79.15770815
10.00000009	-87.02431435
10.00732610	-82.85562533
10.01465210	-91.62681105
10.02197811	-82.41271230
10.02930412	-98.75237806
10.03663013	-86.18649286
10.04395613	-81.87365677
10.05128214	-79.49294222
10.05860815	-103.22854085
10.06593416	-81.53333208
10.07326016	-85.98470959
10.08058617	-83.81334041
10.08791218	-93.55269000
10.09523819	-81.93132550
10.10256419	-83.38215475
10.10989020	-82.06035275
10.11721621	-86.87416290
10.12454222	-96.66033158
10.13186822	-82.26924301
10.13919423	-81.49921576
10.14652024	-88.50660974
10.15384624	-85.77025256
10.16117225	-98.75972868
10.16849826	-83.80132247
10.17582427	-89.02159634
10.18315027	-90.91783845
10.19047628	-93.85530151
10.19780229	-85.15006113
10.20512830	-84.70611860
10.21245430	-86.72597444
10.21978031	-88.59987307
10.22710632	-86.99438970
10.23443233	-85.09900752
10.24175833	-96.56522251
10.24908434	-84.81203581
10.25641035	-83.81439055
10.26373636	-95.27577887
10.27106236	-86.05605291
10.27838837	-83.11713215
10.28571438	-87.30251820
10.29304039	-85.95627224
10.30036639	-87.86015528
10.30769240	-85.77790250
10.31501841	-98.78258486
10.32234441	-89.69589253
10.32967042	-82.55557203
10.33699643	-97.37327023
10.34432244	-94.02195115
10.35164844	-88.09123855
10.35897445	-91.31928205
10.36630046	-94.82402757
10.37362647	-79.51710595
10.38095247	-87.10239643
10.38827848	-93.98129555
10.39560449	-88.02172961
10.40293050	-90.47022111
10.41025650	-87.80636679
10.41758251	-90.29751450
10.42490852	-103.38167675
10.43223453	-92.80537794
10.43956053	-81.72789492
10.44688654	-91.31317803
10.45421255	-87.15296005
10.46153856	-85.92597419
10.46886456	-97.05924555
10.47619057	-78.17853454
10.48351658	-82.40118543
10.49084258	-93.30517474
10.49816859	-102.66953420
10.50549460	-85.25072569
10.51282061	-92.09753810
10.52014661	-81.42365650
10.52747262	-87.59704224
10.53479863	-111.09701430
10.54212464	-91.65742553
10.54945064	-83.23876175
10.55677665	-82.30170953
10.56410266	-93.93000019
10.57142867	-81.19260455
10.57875467	-80.99582097
10.58608068	-86.19764645
10.59340669	-88.35111476
10.60073270	-93.88580313
10.60805870	-81.67851270
10.61538471	-87.60688005
10.62271072	-86.44609494
10.63003673	-89.66798783
10.63736273	-97.56761232
10.64468874	-86.16663193
10.65201475	-89.13389336
10.65934075	-92.66780604
10.66666676	-91.05769487
10.67399277	-85.41666736
10.68131878	-81.05150550
10.68864478	-81.07347280
10.69597079	-86.22514534
10.70329680	-90.87419487
10.71062281	-89.94879953
10.71794881	-101.20099662
10.72527482	-88.66191176
10.73260083	-93.99955077
10.73992684	-88.09930098
10.74725284	-83.48208735
10.75457885	-80.72333476
10.76190486	-86.18496708
10.76923087	-91.36352452
10.77655687	-89.87827553
10.78388288	-95.21114694
10.79120889	-91.49795736
10.79853490	-86.15571774
10.80586090	-84.48554519
10.81318691	-82.69962319
10.82051292	-84.69338139
10.82783892	-90.50714134
10.83516493	-93.30965294
10.84249094	-84.38408995
10.84981695	-90.39678049
10.85714295	-87.48570664
10.86446896	-93.49843547
10.87179497	-86.27837819
10.87912098	-84.54661036
10.88644698	-79.90114945
10.89377299	-88.20180843
10.90109900	-106.30808928
10.90842501	-93.31539575
10.91575101	-84.05110345
10.92307702	-88.26556530
10.93040303	-78.99258297
10.93772904	-86.63467949
10.94505504	-82.05967819
10.95238105	-87.12436092
10.95970706	-85.09757749
10.96703307	-81.26015705
10.97435907	-84.18276652
10.98168508	-87.15455518
10.98901109	-85.42985394
10.99633709	-91.45278175
11.00366310	-101.00017554
11.01098911	-89.28463958
11.01831512	-103.03121112
11.02564112	-88.42204650
11.03296713	-94.13742742
11.04029314	-96.66426751
11.04761915	-87.18661209
11.05494515	-85.39343108
11.06227116	-83.63122067
11.06959717	-81.94717065
11.07692318	-84.80537598
11.08424918	-83.96320257
11.09157519	-88.74013556
11.09890120	-80.65494834
11.10622721	-84.35017157
11.11355321	-81.34588085
11.12087922	-82.59846366
11.12820523	-88.50216355
11.13553124	-92.37505017
11.14285724	-93.03602173
11.15018325	-83.04146127
11.15750926	-81.60810859
11.16483526	-98.22133834
11.17216127	-83.26236908
11.17948728	-84.18798874
11.18681329	-100.96899871
11.19413929	-81.20327844
11.20146530	-80.89510105
11.20879131	-88.27774396
11.21611732	-84.43416018
11.22344332	-93.03746424
11.23076933	-92.74933890
11.23809534	-84.42391928
11.24542135	-87.94014754
11.25274735	-87.09102516
11.26007336	-81.42488573
11.26739937	-87.67033670
11.27472538	-83.88028863
11.28205138	-86.85293461
11.28937739	-92.17122981
11.29670340	-82.16121328
11.30402941	-83.97912844
11.31135541	-95.79214726
11.31868142	-86.77372612
11.32600743	-85.66459830
11.33333343	-92.55224970
11.34065944	-85.09257313
11.34798545	-86.01648369
11.35531146	-94.91806716
11.36263746	-91.84094582
11.36996347	-92.57259238
11.37728948	-87.95460717
11.38461549	-85.28122244
11.39194149	-87.17092623
11.39926750	-96.38052832
11.40659351	-86.77554709
11.41391952	-100.94249171
11.42124552	-88.01655177
11.42857153	-85.25671069
11.43589754	-94.48167598
11.44322355	-91.11481286
11.45054955	-85.08501539
11.45787556	-83.48950901
11.46520157	-84.72850806
11.47252758	-82.80509134
11.47985358	-90.55719465
11.48717959	-84.65743731
11.49450560	-88.73838947
11.50183160	-88.05699292
11.50915761	-88.73290073
11.51648362	-80.98203807
11.52380963	-84.84261051
11.53113563	-87.97238095
11.53846164	-80.80840347
11.54578765	-83.06338774
11.55311366	-85.28150389
11.56043966	-93.77208221
11.56776567	-90.78677129
11.57509168	-94.43800537
11.58241769	-90.74734963
11.58974369	-97.29778151
11.59706970	-95.66360761
11.60439571	-86.83088653
11.61172172	-84.85717180
11.61904772	-88.06920442
11.62637373	-83.52521037
11.63369974	-92.04678641
11.64102575	-89.08664648
11.64835175	-92.00243804
11.65567776	-99.86342572
11.66300377	-88.38183121
11.67032977	-85.87501542
11.67765578	-89.22917766
11.68498179	-90.98068702
11.69230780	-97.88285193
11.69963380	-88.96224547
11.70695981	-83.33566350
11.71428582	-86.65081802
11.72161183	-85.15935097
11.72893783	-89.78888007
11.73626384	-87.92492405
11.74358985	-85.33855269
11.75091586	-92.47711989
11.75824186	-103.72736669
11.76556787	-94.86184656
11.77289388	-85.38844415
11.78021989	-88.53040840
11.78754589	-90.06746957
11.79487190	-95.35109676
11.80219791	-83.05861214
11.80952392	-93.85324637
11.81684992	-89.12272942
11.82417593	-100.64313089
11.83150194	-90.10693800
11.83882794	-82.58558562
11.84615395	-89.70575106
11.85347996	-89.74905124
11.86080597	-91.08962637
11.86813197	-103.15128711
11.87545798	-100.64536896
11.88278399	-94.28743659
11.89011000	-85.40104421
11.89743600	-92.40835340
11.90476201	-85.53613104
11.91208802	-89.23804021
11.91941403	-79.74460694
11.92674003	-84.53536591
11.93406604	-87.39270111
11.94139205	-94.36295486
11.94871806	-103.03337368
11.95604406	-86.74548123
11.96337007	-84.66116905
11.97069608	-91.12904094
11.97802209	-87.16587702
11.98534809	-83.73575329
11.99267410	-86.51684070
12.00000011	-94.27430567
12.00732611	-88.22704270
12.01465212	-87.21406430
12.02197813	-90.51222151
12.02930414	-81.67868547
12.03663014	-85.73151159
12.04395615	-81.02598392
12.05128216	-91.81325090
12.05860817	-81.97374931
12.06593417	-83.17147203
12.07326018	-79.40830973
12.08058619	-85.34140960
12.08791220	-93.22944439
12.09523820	-86.17021777
12.10256421	-85.05622200
12.10989022	-84.12872976
12.11721623	-87.49944862
12.12454223	-92.85750331
12.13186824	-87.79714578
12.13919425	-86.37047307
12.14652026	-84.85524892
12.15384626	-90.09005594
12.16117227	-91.56088222
12.16849828	-94.45756593
12.17582428	-89.60045339
12.18315029	-85.93465489
12.19047630	-86.17184329
12.19780231	-83.68989829
12.20512831	-81.97643236
12.21245432	-86.06862237
12.21978033	-98.24876624
12.22710634	-99.06966390
12.23443234	-84.65750973
12.24175835	-83.75010946
12.24908436	-85.98318137
12.25641037	-86.95565291
12.26373637	-83.35423654
12.27106238	-87.63617938
12.27838839	-90.99387280
12.28571440	-89.99619086
12.29304040	-93.10195445
12.30036641	-92.64435822
12.30769242	-85.80527961
12.31501843	-87.66627557
12.32234443	-94.30576725
12.32967044	-91.11783856
12.33699645	-85.04083343
12.34432245	-83.88454337
12.35164846	-95.26674563
12.35897447	-87.06877361
12.36630048	-82.46822082
12.37362648	-89.85359626
12.38095249	-98.71636511
12.38827850	-93.43913344
12.39560451	-84.43141040
12.40293051	-85.72188314
12.41025652	-88.11405463
12.41758253	-88.11500988
12.42490854	-85.33670700
12.43223454	-82.42118148
12.43956055	-84.82603922
12.44688656	-88.01172490
12.45421257	-85.47756668
12.46153857	-88.97501657
12.46886458	-91.65683356
12.47619059	-88.53403650
12.48351660	-88.12356357
12.49084260	-83.34407175
12.49816861	-84.33668525
12.50549462	-92.96401692
12.51282062	-85.34307295
12.52014663	-88.02903256
12.52747264	-84.55836062
12.53479865	-85.03329165
12.54212465	-87.75623601
12.54945066	-85.48442241
12.55677667	-92.11331175
12.56410268	-83.78714842
12.57142868	-90.98211111
12.57875469	-85.64409610
12.58608070	-93.79711492
12.59340671	-96.43037676
12.60073271	-82.93748251
12.60805872	-93.91687601
12.61538473	-85.49347265
12.62271074	-92.11967688
12.63003674	-85.40614313
12.63736275	-85.28690450
12.64468876	-97.10501415
12.65201477	-91.19805277
12.65934077	-93.11706284
12.66666678	-90.41978949
12.67399279	-90.11615461
12.68131879	-89.91229944
12.68864480	-93.28762444
12.69597081	-90.70901362
12.70329682	-90.56004254
12.71062282	-88.44779437
12.71794883	-85.98057420
12.72527484	-87.48592216
12.73260085	-93.39703012
12.73992685	-94.35749770
12.74725286	-98.16303812
12.75457887	-87.69029302
12.76190488	-95.49006308
12.76923088	-82.84047213
12.77655689	-90.59335861
12.78388290	-93.85492917
12.79120891	-88.97498503
12.79853491	-85.06722065
12.80586092	-93.82339938
12.81318693	-83.77135350
12.82051294	-96.62361953
12.82783894	-82.41768689
12.83516495	-83.80061277
12.84249096	-81.01544318
12.84981696	-80.94746260
12.85714297	-102.81497397
12.86446898	-87.94714376
12.87179499	-88.99101637
12.87912099	-95.75322914
12.88644700	-87.04905448
12.89377301	-85.48371849
12.90109902	-88.71948531
12.90842502	-92.95684374
12.91575103	-86.09403948
12.92307704	-90.32430473
12.93040305	-93.67189517
12.93772905	-88.62281323
12.94505506	-78.29624769
12.95238107	-83.14420194
12.95970708	-83.81379757
12.96703308	-85.33688397
12.97435909	-87.71387404
12.98168510	-87.27260664
12.98901111	-85.02644388
12.99633711	-90.89941978
13.00366312	-77.77155248
13.01098913	-85.00896588
13.01831513	-85.40861295
13.02564114	-95.41529297
13.03296715	-88.93165945
13.04029316	-86.07042816
13.04761916	-92.35015483
13.05494517	-97.50692712
13.06227118	-94.00128317
13.06959719	-91.10932108
13.07692319	-84.75691137
13.08424920	-89.75931500
13.09157521	-92.85809850
13.09890122	-82.09306112
13.10622722	-82.48105338
13.11355323	-94.58527940
13.12087924	-94.82111515
13.12820525	-84.89258872
13.13553125	-88.78830458
13.14285726	-92.87783458
13.15018327	-86.37973350
13.15750928	-84.17677560
13.16483528	-87.84997595
13.17216129	-87.37169043
13.17948730	-84.29640126
13.18681330	-83.33942713
13.19413931	-84.51429940
13.20146532	-88.84119253
13.20879133	-83.01195065
13.21611733	-84.34750884
13.22344334	-85.14842944
13.23076935	-86.56173897
13.23809536	-90.66641551
13.24542136	-86.95242780
13.25274737	-92.49906343
13.26007338	-87.20051792
13.26739939	-90.03716512
13.27472539	-90.76947111
13.28205140	-86.11601565
13.28937741	-80.00644847
13.29670342	-95.17850448
13.30402942	-89.19588730
13.31135543	-95.61268095
13.31868144	-86.99734043
13.32600745	-88.59312040
13.33333345	-82.18436227
13.34065946	-90.79712992
13.34798547	-79.99176412
13.35531147	-88.16027068
13.36263748	-91.89564835
13.36996349	-83.60745094
13.37728950	-84.07175105
13.38461550	-96.26949284
13.39194151	-85.52412686
13.39926752	-89.12309212
13.40659353	-83.59459679
13.41391953	-92.53226743
13.42124554	-95.89376495
13.42857155	-86.03780288
13.43589756	-86.99889345
13.44322356	-92.96422064
13.45054957	-84.62274530
13.45787558	-87.88463658
13.46520159	-91.59442781
13.47252759	-86.90912566
13.47985360	-85.22602211
13.48717961	-85.72906759
13.49450562	-88.15719914
13.50183162	-85.13532801
13.50915763	-83.20485268
13.51648364	-89.33448095
13.52380964	-93.14506833
13.53113565	-84.91648915
13.53846166	-88.14581591
13.54578767	-89.26560456
13.55311367	-90.70202865
13.56043968	-88.09574913
13.56776569	-92.57096685
13.57509170	-86.23779013
13.58241770	-94.22487082
13.58974371	-88.02734748
13.59706972	-89.64112466
13.60439573	-92.12219555
13.61172173	-87.12563224
13.61904774	-83.77773802
13.62637375	-85.54297699
13.63369976	-84.18542135
13.64102576	-90.34073983
13.64835177	-89.67930553
13.65567778	-89.45880008
13.66300379	-94.72851453
13.67032979	-84.02742746
13.67765580	-91.03561212
13.68498181	-83.72855682
13.69230781	-89.60679219
13.69963382	-82.50103585
13.70695983	-86.09795419
13.71428584	-84.28207636
13.72161184	-89.82233182
13.72893785	-85.81846231
13.73626386	-105.08020990
13.74358987	-82.63262803
13.75091587	-85.57208443
13.75824188	-85.96544649
13.76556789	-87.84413688
13.77289390	-86.23001869
13.78021990	-96.07984327
13.78754591	-82.52781844
13.79487192	-89.54571594
13.80219793	-101.82769513
13.80952393	-89.82404813
13.81684994	-81.67781137
13.82417595	-87.20278126
13.83150196	-91.14598481
13.83882796	-90.72981825
13.84615397	-87.71016486
13.85347998	-86.64589248
13.86080598	-93.68058689
13.86813199	-86.70411192
13.87545800	-86.36377264
13.88278401	-91.09499238
13.89011001	-90.41069442
13.89743602	-92.88879886
13.90476203	-81.43224240
13.91208804	-85.35189115
13.91941404	-81.45369219
13.92674005	-99.53967831
13.93406606	-91.43851398
13.94139207	-81.14699616
13.94871807	-84.43622087
13.95604408	-91.26152344
13.96337009	-85.76728668
13.97069610	-84.95092885
13.97802210	-92.57219317
13.98534811	-88.60053779
13.99267412	-93.71316402
14.00000013	-92.14572983
14.00732613	-87.05777627
14.01465214	-91.50708975
14.02197815	-83.68721297
14.02930415	-85.59688987
14.03663016	-87.94757416
14.04395617	-84.71412616
14.05128218	-79.77936881
14.05860818	-83.88045380
14.06593419	-84.59723963
14.07326020	-89.37829645
14.08058621	-90.45915708
14.08791221	-85.80323975
14.09523822	-89.95159490
14.10256423	-97.97279402
14.10989024	-102.85912502
14.11721624	-86.54499151
14.12454225	-89.46255666
14.13186826	-88.80529215
14.13919427	-82.25077036
14.14652027	-83.74024741
14.15384628	-89.15632919
14.16117229	-86.81578215
14.16849830	-86.85847491
14.17582430	-88.44018626
14.18315031	-93.50484825
14.19047632	-86.42288772
14.19780232	-93.26853137
14.20512833	-84.40801298
14.21245434	-85.65163581
14.21978035	-86.32255684
14.22710635	-86.48890081
14.23443236	-83.98502527
14.24175837	-88.11026219
14.24908438	-86.40821441
14.25641038	-87.19001449
14.26373639	-93.17052150
14.27106240	-87.83322576
14.27838841	-102.30554119
14.28571441	-87.16227919
14.29304042	-85.52324369
14.30036643	-88.74261913
14.30769244	-111.01351832
14.31501844	-85.73329089
14.32234445	-85.69554508
14.32967046	-95.59375166
14.33699647	-92.58648659
14.34432247	-93.32468764
14.35164848	-93.38321985
14.35897449	-87.76967311
14.36630049	-91.81535377
14.37362650	-87.13342978
14.38095251	-83.19292042
14.38827852	-84.52520772
14.39560452	-87.82949204
14.40293053	-95.36872670
14.41025654	-85.19962468
14.41758255	-85.31210510
14.42490855	-81.12981899
14.43223456	-88.11966064
14.43956057	-90.49914907
14.44688658	-84.40939286
14.45421258	-90.23914670
14.46153859	-85.98035437
14.46886460	-82.37985253
14.47619061	-84.56386119
14.48351661	-82.72531201
14.49084262	-91.90418622
14.49816863	-92.23054285
14.50549464	-86.73451688
14.51282064	-81.64558117
14.52014665	-90.60908751
14.52747266	-79.80718063
14.53479866	-85.82550593
14.54212467	-88.80963119
14.54945068	-85.41291859
14.55677669	-87.88339144
14.56410269	-88.61105667
14.57142870	-86.09037497
14.57875471	-85.98925762
14.58608072	-84.24527983
14.59340672	-85.22983680
14.60073273	-84.37038086
14.60805874	-96.04028081
14.61538475	-85.13691348
14.62271075	-86.61607045
14.63003676	-81.93239211
14.63736277	-90.71023590
14.64468878	-93.02949245
14.65201478	-94.09008579
14.65934079	-90.34938301
14.66666680	-90.95824043
14.67399281	-117.76856429
14.68131881	-94.53434411
14.68864482	-91.76055848
14.69597083	-89.21674202
14.70329683	-84.94458274
14.71062284	-87.13226801
14.71794885	-81.80646405
14.72527486	-86.61017487
14.73260086	-87.61310852
14.73992687	-87.06186190
14.74725288	-94.12662719
14.75457889	-87.39747282
14.76190489	-85.05981872
14.76923090	-81.57127420
14.77655691	-86.69068673
14.78388292	-85.49372024
14.79120892	-86.72265328
14.79853493	-89.20573409
14.80586094	-79.75398725
14.81318695	-82.08566706
14.82051295	-87.40216800
14.82783896	-92.14654696
14.83516497	-84.76622185
14.84249098	-85.92150450
14.84981698	-93.93015861
14.85714299	-93.27926426
14.86446900	-82.56975946
14.87179500	-83.75059407
14.87912101	-84.52963415
14.88644702	-83.12812209
14.89377303	-85.14596974
14.90109903	-84.77482091
14.90842504	-87.42704894
14.91575105	-91.60818819
14.92307706	-87.66122764
14.93040306	-95.28596378
14.93772907	-94.94314499
14.94505508	-88.64851783
14.95238109	-92.87126909
14.95970709	-83.44102663
14.96703310	-87.34262999
14.97435911	-86.64471909
14.98168512	-80.23938775
14.98901112	-93.97358054
14.99633713	-86.33586519
